9
187.95804,128.88158
7.46682,7.27318
5.52730
7.89701
156.13038,160.20558
8.39903,4.38485
1.79075
8.69758
108.49253,119.85280
9.72798,6.56858
9.71543
2.65091
135.16646,114.79943
1.95739,8.62220
8.41558
6.72453
184.38120,113.77064
1.14030,7.05514
5.85390
6.99460
116.60650,189.82421
6.26165,9.03683
1.81574
1.33925
159.90875,172.99021
8.09871,1.71483
2.19331
6.90040
125.42212,187.99852
0.87761,6.12582
3.84301
4.40128
126.81538,174.44703
3.30672,4.91022
1.96148
8.75210
181.19694,157.71886
1.45721,8.69936
8.21767
7.19659
