10
136.61616,181.04090
9.73180,0.30347
5.82657
9.33596
144.71651,128.60344
4.24845,4.93043
6.34616
3.80423
109.17593,111.56770
0.34226,4.67031
9.10469
5.02578
113.50046,178.05601
0.49219,5.74996
5.42250
5.39219
113.21811,162.63274
2.90094,0.57713
4.39154
7.07765
180.89598,166.22688
2.68789,0.80203
2.83716
8.99780
118.08649,159.31097
4.97152,5.07160
1.41618
3.72934
120.61665,164.05282
5.38884,0.44901
3.70317
1.79330
361.82538,287.13047
-25.93992,-5.27368
27.70760
72.44171
123.40507,132.87011
1.35975,1.60314
3.60303
7.75173
129.46457,299.09699
24.40631,-35.80609
12.51317
74.54135
255.76318,433.85233
-3.76814,-34.28000
48.71902
86.78423
269.33567,50.83705
9.83755,11.16106
63.13105
29.06115
121.35705,147.83801
8.40997,4.59038
8.66639
7.83865
186.66002,134.57704
2.06387,4.62989
3.30259
7.06006
181.22375,146.90612
3.02358,2.48445
3.50375
4.08906
147.40285,128.40030
5.26925,2.39384
2.24179
1.39277
174.15638,147.71785
3.28491,6.86373
9.40248
4.29024
175.20339,109.84552
4.76384,0.57349
6.55587
9.51343
