10
149.25958,165.60887
5.22492,9.81159
5.25420
4.17973
405.11041,349.37851
38.03411,38.96252
25.32135
50.00118
166.38519,107.89055
9.66263,4.21520
8.60759
4.52348
188.42612,123.09632
0.60949,1.11625
6.20970
7.32270
179.16993,110.24136
5.01643,1.37835
4.75221
3.03510
150.39226,128.92159
5.72396,3.86697
6.85023
2.59304
186.69389,134.28314
4.62051,0.40061
6.92277
4.71361
162.54692,129.77279
3.99977,8.56530
4.17370
1.07908
76.13656,452.86911
-22.46690,-15.66482
15.78484
52.54954
182.74182,114.19692
6.90349,8.87485
3.79090
3.11829
125.47467,117.49275
0.79886,5.35534
8.07405
6.73483
184.30066,134.68615
6.97571,9.25378
5.73536
5.09049
115.15790,142.84404
7.05920,6.67884
1.82272
8.14574
112.16423,120.98746
7.18280,2.93845
4.12586
8.87144
175.42195,158.56790
7.76904,5.64089
7.34790
4.90606
170.56794,181.26020
0.96177,6.15063
9.06066
9.89662
