9
137.89976,163.23324
4.94333,5.69529
3.51361
4.28452
152.59051,113.29637
5.47446,8.47668
7.51300
3.30331
192.46004,169.02206
6.61335,0.54165
1.35941
1.51051
147.13287,126.50695
7.96460,6.78025
2.84585
2.06713
184.75800,158.58707
3.64374,9.22856
5.08087
6.94404
166.49684,163.62525
8.15078,9.28812
6.82031
6.82129
167.44455,141.73540
9.95853,5.76138
4.92162
3.08735
185.06811,210.75747
-2.05470,-21.70124
36.76684
95.90990
283.89972,247.58038
-28.37988,-3.99272
91.82477
25.26386
105.67125,183.47401
5.32323,9.56758
8.85094
1.74629
174.34793,111.74256
1.78403,6.41896
5.26278
7.33161
