6
126.82841,116.80361
4.81241,3.74998
4.42109
8.48508
174.69830,184.16313
7.32855,6.91385
1.11995
2.96854
189.22573,183.24476
9.39680,7.33160
6.91230
7.45445
434.43403,198.71758
-37.05976,-8.55854
23.60497
51.71681
164.84072,189.98552
5.17311,9.03300
3.41963
9.38440
156.23612,155.90088
8.57233,9.80120
9.95265
1.83265
130.93442,65.22754
26.36118,-20.61112
5.13984
25.75798
219.52909,334.16627
20.69004,39.12664
32.88385
43.63028
161.93024,171.75945
1.42282,8.03675
7.34709
3.48883
188.56834,175.09727
0.17978,8.76714
3.74497
4.93449
182.89312,157.63162
5.04406,1.97162
4.19522
6.44691
