7
112.47724,135.49234
1.73113,9.57683
8.97816
7.79493
131.19857,155.10836
0.87285,2.16678
7.42318
2.17498
127.27094,138.08827
4.90034,6.07456
2.81782
8.42295
138.00629,158.87225
0.21669,1.17411
2.04915
2.52636
150.52557,118.79625
7.06512,0.56265
9.54741
7.76772
363.00281,354.28859
-29.51488,4.17779
4.87529
6.52149
136.07387,461.62986
-23.60270,2.66034
85.61120
41.29765
178.43507,174.33828
8.95806,6.40851
6.38592
8.88214
170.75794,144.84462
7.77950,5.37261
6.21053
7.60488
143.09298,142.05044
6.40179,9.44985
7.80439
4.28351
