10
276.86441,211.25843
-24.66913,-10.39140
3.12310
81.36541
168.29305,136.56776
3.39942,2.44023
4.96114
8.75399
180.35098,143.97593
9.47039,2.22305
5.55905
7.50250
484.13112,404.74305
-13.94154,4.04615
41.54623
41.95166
113.58819,140.35771
7.23461,6.90664
4.81607
6.57576
171.61367,153.00851
0.39672,7.72006
8.11170
9.32064
111.06110,137.01268
1.49817,2.84730
2.67453
4.21339
190.35348,148.27604
6.72981,4.34812
2.14380
8.12614
151.92196,109.03109
0.27937,3.56426
7.01532
1.32965
131.39884,150.91266
6.19720,0.91778
9.51525
3.35754
117.92275,166.88995
0.22825,6.38942
3.08469
1.01251
150.20995,117.95330
1.22349,7.27351
4.90263
4.98385
156.40818,138.52784
3.08494,2.05661
1.39286
8.72695
141.23770,171.23061
9.86989,4.01473
4.55893
2.49367
177.20200,119.47775
2.38516,0.81257
4.30679
3.63654
180.89864,153.94299
8.56952,2.82574
2.62513
5.60225
126.89008,164.07064
2.49894,5.93227
9.66995
1.68380
