10
146.72766,138.65012
7.16759,6.22306
3.22344
1.50949
172.01904,188.95756
3.26806,2.14825
7.46231
5.06029
120.11275,170.85824
3.06621,1.92154
3.61668
7.72420
136.39145,173.05635
4.83291,2.88708
5.88196
9.82888
170.00783,150.33062
3.86831,4.45170
2.94754
9.77803
150.23739,157.62105
1.84085,4.45925
7.51319
1.31961
190.41204,179.82598
7.59726,0.35487
7.04671
7.32245
181.72971,138.81725
3.98434,0.68071
8.68422
8.68831
181.98466,132.65430
8.78598,6.22624
5.87360
8.28468
183.77136,105.89902
3.56123,9.31211
5.98492
3.99250
118.73987,163.80893
8.23337,9.22113
4.22147
7.46035
115.34148,166.62457
4.89486,3.88321
8.66076
3.73535
185.51308,187.14048
9.73759,2.85878
1.07277
6.07279
180.38570,144.61750
8.19038,9.32316
1.70171
4.66152
156.65980,167.01739
7.97027,7.51057
2.85087
5.60718
143.70034,173.99312
1.29266,1.82556
3.91225
2.32056
