9
377.91170,270.37345
-16.81671,-22.49267
6.61472
87.24965
158.24226,163.69329
0.57798,4.52259
2.11820
9.66006
173.87855,182.07482
5.45551,3.54392
5.10486
1.44341
113.21796,179.31525
1.31129,7.43023
4.49220
1.09731
133.69764,125.41222
2.25933,6.88085
5.39047
1.69756
128.42494,112.62239
5.51752,4.13298
2.81801
9.22023
341.96887,386.50094
36.82683,-23.69340
9.76177
90.31903
119.29474,131.30519
9.41931,5.57348
2.81597
7.19200
301.68521,128.72804
-28.68458,26.74653
32.76561
45.77296
113.97999,133.59166
9.48998,4.68349
8.34871
6.46325
129.23139,152.14866
9.29436,5.55883
8.56053
4.73200
485.70010,241.41971
36.83730,-25.57186
77.89865
23.58384
155.90308,118.66754
8.82053,0.02032
6.41310
1.67161
121.37953,109.82980
9.10575,8.86752
4.64753
1.07411
131.83606,178.95672
2.38154,3.14327
9.86046
9.10188
