10
151.70178,153.93998
4.23613,5.53718
5.36691
6.25029
158.95735,142.59150
1.50343,2.97297
7.16437
5.23959
125.38669,122.74725
1.01321,4.57690
5.50956
1.66559
121.34787,138.30389
0.07743,4.64250
3.42201
3.19640
120.71774,184.17869
9.94256,0.36911
6.35083
1.95529
125.44656,184.60879
7.94184,4.82264
2.11867
7.58305
177.97344,120.26007
3.19255,8.23302
5.20030
6.40391
185.09897,156.88642
5.53855,6.40691
7.45647
6.32948
120.68947,171.18675
7.22515,8.56235
7.00524
6.45627
180.67563,96.63331
-7.00520,3.63477
81.03722
25.35862
165.65559,138.31315
6.19661,2.40720
9.23200
6.27024
181.06517,115.01792
5.14359,6.37456
5.01522
1.11207
115.34949,171.46126
3.55670,4.60828
1.24307
7.07041
164.44484,171.59676
8.60196,1.87812
6.64801
3.20248
172.34053,156.22322
2.66725,9.91582
6.11890
9.48206
396.51928,71.36682
20.82017,37.58445
11.54826
85.81453
145.99602,177.64262
2.59018,4.30435
5.53475
5.95485
