8
165.10364,118.82148
4.47509,3.59768
4.73232
9.41877
161.94659,161.83638
3.14500,0.74674
1.71177
8.87816
164.18992,105.76237
0.60188,9.69882
4.35367
1.99624
129.03727,147.19978
7.70260,1.18712
2.54385
7.14872
155.65987,149.27427
1.36709,0.03675
3.67487
5.76959
123.45697,125.77177
3.82518,0.21779
9.41927
8.37165
137.85920,187.98381
5.40785,8.84658
5.93154
8.24470
278.84538,118.13253
-19.25310,21.71150
59.31965
49.78417
144.75404,121.40955
0.58615,8.45615
8.71728
1.08906
132.16251,123.93372
5.31322,1.65765
2.94472
8.83247
186.22873,164.04772
6.36097,9.62454
6.17842
8.21669
