10
167.74936,183.75994
6.13947,7.86118
3.97538
5.40848
107.89709,187.65532
0.74239,7.25101
9.54674
2.15832
21.32942,422.50422
-27.50724,-19.61701
49.81223
90.95240
177.45606,141.17701
0.60825,1.32105
3.84119
1.45247
245.59496,477.31648
35.91775,-6.65567
86.23994
64.25907
110.88113,178.28226
0.08071,6.85530
9.00147
4.78669
113.60532,148.64708
0.99079,0.43469
6.93758
2.94175
135.44067,167.10129
1.32952,5.03355
2.59948
2.58108
110.75831,165.49245
4.41117,8.81874
2.27830
2.06026
22.16177,354.91504
4.99277,1.94846
89.91651
35.07348
185.50113,143.22568
7.50501,5.06644
9.35574
9.96117
116.84032,112.51008
1.90589,2.81186
8.80676
7.31882
159.38909,184.11329
3.35498,3.09666
4.57034
1.52196
193.38705,178.58419
3.50415,6.87197
5.27506
2.71568
