9
110.53084,171.47676
4.05855,6.30284
2.67296
7.46747
188.18742,156.83536
7.86468,6.86039
4.71352
8.14546
131.93803,153.59370
0.02545,3.50676
7.89544
5.76379
111.43339,156.08371
3.23185,6.10394
9.11429
8.26726
120.84356,149.87502
0.65295,6.44405
5.00708
7.81305
165.22882,141.00875
7.98055,5.68339
2.51530
8.37441
171.35268,160.92830
2.57001,7.50708
4.84411
9.57976
180.57091,122.20899
9.53935,9.22741
2.32367
8.63049
113.06401,124.55844
6.64803,6.58508
5.02546
9.57799
158.71127,136.51371
3.64288,9.97166
3.70252
9.57931
142.00622,152.23586
6.05850,3.78551
3.08372
3.71891
162.81488,120.76490
6.06203,1.15292
5.32769
9.35890
106.16288,182.39587
0.58431,9.12731
2.97389
1.38579
124.65683,112.47828
3.67188,3.96972
4.95431
3.39041
