10
191.35614,108.78697
8.73974,5.64355
9.59842
7.62065
146.56403,157.88141
7.19050,6.91901
8.36761
2.53110
173.12807,176.31831
5.89599,0.45521
4.18549
8.99792
160.10079,109.20283
3.77459,3.58112
1.67611
1.98270
130.58630,149.12515
7.79075,2.55090
5.57044
8.63189
183.84563,148.73159
8.27637,1.81672
8.94964
1.46771
129.71432,137.60619
4.47812,6.81151
6.71713
4.43370
120.49706,150.38531
9.96945,7.64286
5.75242
1.70474
116.48563,185.77904
2.82477,6.22974
8.75166
2.59785
198.01735,111.66251
8.22262,0.70316
3.90419
1.07193
144.27476,146.47945
2.00133,3.46021
5.39410
6.02651
161.00158,123.69803
3.72858,7.85735
8.24916
8.98908
183.99853,110.87655
2.88826,7.26002
2.24687
8.49865
156.72331,125.98359
2.59745,7.88313
1.65560
2.64768
140.39091,192.64201
6.26971,1.76718
5.80963
4.74067
365.82615,191.79462
-15.67331,39.55473
64.81549
45.32828
139.25047,196.82521
7.66315,8.36748
9.99045
2.47922
297.90376,322.47289
11.06315,-24.33526
20.35603
7.78647
174.62136,157.98874
9.62148,5.53908
3.69066
1.10585
