10
438.24379,205.71103
-34.81329,14.06791
4.29608
93.78645
117.61713,184.58843
1.13668,4.30962
6.11251
9.38965
143.95470,143.06619
6.43255,4.73032
9.45323
4.83574
168.33880,135.13460
3.09323,6.37156
1.14001
2.01943
466.02521,447.81824
-11.66543,4.26900
78.69280
98.68480
110.85168,115.36443
2.97965,1.37853
3.47126
6.98888
143.09401,156.43974
2.48504,4.77985
4.36369
7.34730
181.83074,170.65189
7.14957,7.88681
1.45917
4.63006
140.94610,134.69598
6.00318,0.98185
2.67710
6.48375
159.39044,135.04873
7.30143,7.75323
1.84839
5.61006
470.24212,275.57668
-13.93511,-31.41058
3.94037
78.54993
160.44885,168.69193
6.37883,1.82797
4.98967
9.19791
121.07223,167.29407
7.89972,0.09038
8.34382
7.44311
138.25257,146.85397
1.77432,3.20384
6.90413
4.90241
140.29458,151.62198
5.15984,2.93315
9.91886
9.82925
144.78223,164.29405
9.09044,7.00085
4.07083
8.12255
130.15783,145.27338
6.90601,4.14396
7.21998
4.07631
