10
104.85635,149.51229
9.33611,5.08702
9.02920
2.98655
187.85633,175.37257
1.89592,8.08765
3.72915
5.76043
143.39536,136.68697
6.78482,5.00208
7.47777
4.76542
186.74750,196.12480
0.76841,6.80755
5.84538
1.47908
196.98125,185.65045
1.15082,5.30204
1.95204
1.15197
227.00112,260.32627
-21.41530,36.92508
18.21894
85.64415
140.16982,165.05337
2.12810,0.00422
8.01672
8.07527
154.50353,165.51983
3.60880,9.15511
3.53245
8.22317
188.88149,134.68995
9.23195,3.23104
7.83532
3.91670
104.08233,185.47918
5.30293,2.59023
3.43818
2.37128
65.09905,337.60728
-6.16676,26.75706
71.68372
79.16658
151.54487,174.00993
9.50640,6.38299
3.38976
3.61066
159.32119,160.36607
6.06518,1.22025
9.09015
6.82478
