9
182.44846,158.93329
9.88850,9.27066
8.44865
3.57633
172.45372,111.63849
9.01872,2.48510
4.01002
6.21434
127.93245,167.80297
0.13081,4.53601
6.68933
7.57390
192.54760,149.43173
3.56949,9.87160
3.39581
4.69204
157.44225,114.73467
2.28621,6.74738
6.00807
7.69535
182.59763,144.30794
1.85421,1.47323
1.11253
8.45450
185.74489,114.06055
6.12810,8.94670
8.04536
7.81588
163.38502,162.33370
9.30901,6.02619
4.75259
9.29318
159.68162,113.78576
2.94157,8.99886
3.78343
5.55661
129.94792,131.52888
8.09012,7.55531
5.63998
7.79416
131.71753,147.55813
5.64494,6.90169
9.65698
4.15680
169.59315,184.53250
0.22106,0.25783
3.03066
4.47012
