10
131.83890,141.98251
8.60645,4.52420
7.62692
9.82740
174.68717,123.00847
7.81047,2.10646
6.49599
4.65497
128.65890,183.86154
4.54251,6.60831
7.39332
7.14821
144.20141,146.24147
0.77127,9.82910
7.81904
7.35508
118.21674,171.00532
3.22841,5.24274
3.24389
3.88913
153.47520,105.49515
3.72331,6.78205
3.76916
4.22521
168.67266,187.67284
5.85380,2.78688
5.31757
9.64050
131.33763,143.29710
3.93216,5.27983
2.69819
5.66528
187.59250,128.82758
9.92871,0.97546
4.34975
6.58353
148.76559,140.32532
6.60201,2.19797
2.83290
6.97276
27.40431,270.98399
-29.02772,34.20833
30.30157
11.98960
178.24639,190.02531
5.71689,2.96655
2.82596
7.13775
128.74783,168.37897
5.62295,4.85993
8.60884
9.93121
147.61122,199.35173
33.84745,-15.78677
71.54970
2.61304
495.69325,255.18087
-39.31393,11.82906
9.38920
56.15116
167.24092,186.66537
3.80815,2.42835
2.45243
7.54794
136.78356,119.04133
5.12998,1.30059
5.76011
6.51412
156.02930,185.74451
9.03129,9.48204
8.65255
6.63459
192.89564,112.57605
2.43948,1.58096
4.60129
3.73137
