8
260.59411,33.33296
33.40595,6.30990
19.89237
85.67910
115.57794,165.49848
1.48186,6.05503
3.70576
9.71418
166.08495,189.06955
4.94206,8.46275
4.03803
7.41403
108.19985,167.55355
5.40274,7.85321
9.64365
7.71233
164.78460,181.70755
1.81518,7.47340
2.31118
3.06745
441.03988,143.42173
-29.97822,2.52174
84.64028
54.25736
150.75467,107.23151
6.24920,9.79578
6.91936
6.21822
109.49882,145.35006
6.87536,2.25363
4.43137
5.77141
176.33807,194.36161
5.77636,0.45176
6.13467
4.13574
324.02333,79.00190
35.05795,-28.74394
4.38364
59.97731
115.14057,169.28438
3.86004,2.76500
1.09823
7.34294
152.24733,151.77313
0.84236,9.99370
6.51590
3.05877
179.52415,159.86756
3.52949,2.41954
7.90887
9.47966
140.52352,152.97925
0.94657,5.38268
7.89089
6.32473
126.45072,184.44927
7.76520,7.92584
4.00282
1.62175
