9
150.82004,150.29938
9.27797,9.06268
6.10899
6.26031
148.68143,165.89227
6.73214,9.01509
2.53138
9.54343
175.90950,116.64348
8.92729,7.78164
2.89601
5.69150
114.30303,119.43584
3.04669,2.77050
2.55024
1.19606
130.77740,111.17965
2.42054,5.31450
2.71382
7.41202
183.45828,152.97110
9.12615,4.69188
8.91179
8.47231
136.60776,150.71670
9.64368,2.63856
5.66260
3.71126
132.01030,122.29883
7.99580,4.18914
1.07628
5.97892
132.18887,117.82273
7.50232,2.62518
5.87437
6.20464
137.24122,189.93945
0.81330,5.76563
7.16590
6.12980
111.73668,181.01239
6.20518,4.41077
9.91055
1.69950
168.83955,128.14272
6.65841,9.48689
2.89261
8.34444
118.11663,142.00183
8.99093,5.13038
7.34736
8.62805
