8
116.82555,191.53003
5.43350,2.85419
1.85992
4.05159
351.53389,384.90003
17.33367,-18.49917
83.76993
18.98608
126.14677,107.23139
6.83623,4.06705
5.62711
3.83758
138.28716,145.82708
5.51242,1.71674
3.48688
6.26729
129.44746,135.69062
0.25712,0.08638
2.42402
9.87127
137.28420,117.21736
9.88369,2.97043
3.38417
9.27302
114.15760,167.22839
5.22864,0.21875
8.36696
6.21765
172.11018,179.22940
3.71698,9.57166
4.62330
2.30437
177.80755,163.84052
3.58340,3.43214
8.22000
5.56087
207.25501,424.69467
21.94966,-1.30845
77.07884
21.83335
125.58120,121.68892
1.29676,5.74422
9.21424
7.52657
134.77835,185.81432
5.41231,0.04317
4.91731
9.73880
