7
493.93499,91.00346
-3.55613,37.09222
88.80935
17.52557
171.01072,173.55378
3.68429,1.86166
9.31406
7.31093
133.63608,181.36363
8.36003,0.74528
1.81217
9.71149
156.01900,141.53405
3.46842,7.16044
1.41313
8.20591
142.17139,144.48538
2.87799,3.72556
6.00441
1.79057
124.48853,181.66029
2.81248,5.45519
2.01095
5.14426
141.11955,134.82585
5.20136,5.21075
7.37759
1.49925
189.35573,119.68419
3.66519,2.05644
3.19528
6.58801
385.71266,369.47477
29.92194,-26.24583
38.36385
52.09333
178.85631,149.90257
5.41403,2.32116
3.23760
7.34516
