9
305.94338,157.33967
-6.86586,-17.28448
91.37216
94.55866
106.37163,136.34173
3.99387,2.22200
9.73124
4.80000
113.92071,157.85343
8.04166,1.69204
5.95358
3.15679
175.04603,140.89480
8.89425,3.24567
2.15135
1.65163
155.40441,106.71433
2.54808,1.41579
9.47498
5.47240
183.39636,174.68315
2.53586,9.83432
3.70821
7.29917
160.15284,158.31210
9.90291,0.72819
9.25859
9.41332
158.21178,182.98946
1.57367,8.68614
4.50018
9.04764
144.16215,195.49203
5.17817,9.62546
5.44782
4.05753
168.54612,125.91358
7.75895,2.24734
6.19141
6.03388
