10
48.73051,443.61605
-0.72802,-37.48106
45.58740
9.79308
129.32253,104.41850
5.33770,7.91410
1.70976
3.29661
144.01937,284.08122
4.73844,24.51188
49.55818
20.12980
129.39008,136.70472
9.79446,3.18360
2.32393
1.15814
166.35559,144.42777
7.09679,8.67313
4.89728
7.77910
127.80200,191.68472
7.19866,0.76752
9.88790
4.42982
125.37949,119.15247
4.43077,8.33406
6.70409
8.43210
111.82125,106.34140
1.78780,9.18898
7.47413
2.23100
154.95716,184.79487
5.95450,9.72277
9.28402
5.62598
169.11054,130.10615
2.90749,6.74257
8.22264
1.31275
107.82200,172.61745
3.02316,5.67168
8.95439
3.07606
160.40757,109.42093
2.46961,7.43250
8.93344
9.20150
