10
154.32246,131.53512
1.73902,6.38625
3.62493
9.86720
111.60945,171.95686
0.91298,7.45524
6.37091
7.51138
143.24898,167.71774
3.66355,3.79067
3.63712
9.02147
180.09011,105.56656
0.94162,6.16341
1.22291
1.50228
163.56392,113.13551
4.60107,7.18156
2.05254
1.47636
171.01916,449.90848
-9.62156,-26.34278
71.92996
84.01556
186.48751,157.98185
0.75043,2.12917
2.15553
9.88415
429.73650,450.86312
-39.70787,-12.59770
33.08603
66.39727
182.17989,176.39625
1.79518,4.81602
7.96383
4.33966
164.60377,155.96113
0.41917,1.92650
2.53176
6.74382
169.29575,133.98197
8.06802,7.41788
4.14022
3.53373
355.78327,417.12735
-11.33542,30.68329
67.99047
74.12023
137.64486,188.61000
6.81482,4.57968
5.51750
1.24002
