10
163.83301,166.82015
3.76926,9.31845
4.61302
5.57440
185.68683,143.90709
3.54499,6.33698
3.67977
1.72021
159.41843,157.16207
4.27328,8.43835
4.72195
9.23773
186.06779,118.00564
9.99636,0.19173
5.48488
1.49990
153.75858,133.52074
2.83253,3.67734
2.93842
7.68081
116.13635,161.63226
0.73453,9.12518
4.06573
1.43835
123.58672,166.38322
1.80127,5.37263
6.06906
3.85830
117.23837,164.00480
4.34663,3.63814
8.88312
2.47825
168.94887,144.92443
2.09189,3.15049
6.01044
1.30616
150.67442,142.28695
6.38890,1.30932
7.44517
4.87097
366.81077,29.08274
24.12446,-22.16741
30.15180
71.08925
176.18196,121.75748
6.06698,7.38030
3.47247
7.73853
131.77610,170.53252
1.59238,6.85167
7.22716
7.75978
174.37190,125.64662
0.04859,1.22274
1.08494
4.38479
186.02386,124.23486
5.86611,3.93348
4.77108
1.61816
140.71545,156.39780
0.21584,8.01545
4.30184
1.49633
