9
190.71160,113.90466
4.69726,1.48104
3.15173
7.26313
155.56951,120.89885
2.78418,1.16470
1.72697
6.53796
180.41029,179.66959
3.62022,6.06511
7.82631
5.99890
113.65013,150.50830
5.27621,5.20007
5.22006
8.77164
116.23712,188.60875
3.91149,9.13815
5.08539
2.71150
160.40391,185.80437
3.02019,4.65021
7.51342
2.11224
180.69306,178.96708
5.34686,8.13585
5.70323
2.97343
117.18378,109.46840
4.19219,7.87499
9.80020
9.10335
430.83391,185.14023
15.21924,28.70893
24.38914
59.13073
140.62626,472.90300
-16.37020,-2.09798
0.57994
21.81351
164.64816,184.04105
8.69419,6.95729
2.78141
1.98386
171.97186,168.64981
4.45762,6.44457
5.17166
8.34122
289.15564,103.28173
17.72168,39.98956
13.58548
32.94092
237.97462,417.23517
11.70910,3.76440
15.30169
0.50243
180.26087,123.23989
9.38218,2.02902
5.47946
5.88164
