10
109.18163,171.90564
3.16620,-29.21177
79.91283
55.22581
437.34795,332.29346
13.54489,18.06840
23.29105
32.20724
141.65302,119.59314
2.24258,5.72919
6.69683
9.45019
116.17186,166.11760
8.73562,3.20309
9.97314
7.42240
169.67314,149.86305
0.83347,3.15385
8.28381
4.24102
120.77870,168.98805
3.73372,5.25765
3.40794
7.96660
181.15082,114.10198
8.60056,5.29207
4.39415
6.63905
158.08636,190.58968
2.08108,9.31759
4.83760
9.12396
105.81661,165.99128
0.22644,7.49924
9.87081
5.25822
118.37906,110.27312
4.33090,0.37918
2.12140
7.48194
179.20424,132.07573
0.92491,9.85099
4.91217
8.25043
104.68080,155.20397
7.11761,5.32683
9.36321
2.08223
142.12495,159.26899
2.95085,5.08844
4.62571
6.86200
143.54519,121.72927
2.23484,4.58702
5.42379
3.10508
183.35271,110.28233
9.49696,8.33820
7.00239
6.08777
175.11782,179.93496
3.02434,4.75033
5.52809
7.63272
