9
165.88192,172.77222
9.50153,1.46448
6.26019
7.45507
152.68210,123.82899
4.99937,7.76589
6.12955
2.83937
161.89607,188.10307
6.28370,4.96640
3.63502
9.92107
119.90687,166.31396
5.39991,5.24182
1.06737
8.19003
129.23597,127.96416
2.67494,4.40540
1.46375
3.35996
138.94088,115.22151
2.17419,5.59398
7.12706
6.52904
183.13344,110.40843
2.21659,7.02137
9.28111
8.07080
135.14712,151.67816
2.30684,5.91115
8.71201
5.44740
157.83969,404.96874
8.45825,-16.56633
56.42564
88.47806
121.65326,165.84982
8.40519,8.36899
2.58246
5.09194
176.61392,137.70692
4.03307,1.42295
9.32096
7.83815
125.83893,118.06783
1.49044,2.83572
5.42092
6.68859
