9
268.19680,148.17701
-1.21983,-9.86641
14.87381
34.41987
136.03666,136.96527
0.55417,7.52497
3.99610
4.57269
189.64393,132.42905
0.84761,0.60741
5.93333
5.16688
133.39336,184.07758
3.41663,2.14622
9.09482
6.72250
176.53088,114.78828
1.66472,1.23377
4.57393
2.03697
142.04946,154.22457
8.18791,7.26841
3.36097
9.55072
182.16239,184.13798
9.33053,4.76529
7.55498
3.91768
123.17023,113.00956
4.45268,2.40351
9.02401
7.82336
454.63293,86.04654
18.21854,-33.70235
52.44383
78.13301
54.13824,292.92129
-28.06564,10.85248
47.44578
70.12228
156.22887,136.84862
7.51809,8.57644
5.51037
4.49524
147.17414,105.64285
6.02664,7.37815
3.98661
4.39127
