9
161.08845,170.25115
0.37043,5.65211
8.33235
2.23987
170.61680,194.65626
7.13271,6.35283
1.72794
5.18470
109.02227,163.85908
2.51856,5.59142
9.44165
8.16772
174.73144,157.11129
5.20995,1.79857
4.66133
8.53927
192.89639,126.02000
3.69056,5.31576
7.64524
1.22731
157.57237,174.57767
4.85330,7.40465
4.31624
5.78785
104.16947,136.39109
7.36881,3.79445
6.48932
3.32731
147.89245,170.37336
0.47839,5.73977
5.09388
4.52982
401.09441,334.60067
-14.50370,-10.05151
59.91644
23.55621
167.74872,192.42076
4.28474,3.59724
8.34406
6.58042
165.65127,122.64198
5.27316,3.97545
6.99843
2.48461
125.45399,141.06536
0.58696,0.35057
3.19659
9.82075
