9
142.58754,127.00007
6.16435,3.57385
2.13795
4.59002
110.96363,140.29686
6.04022,9.00637
1.70528
7.66120
188.15373,176.91049
3.61054,9.44496
5.29140
7.23421
107.96741,134.98175
1.89684,1.80306
8.81788
1.84059
133.26449,144.61695
5.61058,5.99981
9.22426
4.13101
109.14056,162.61108
7.72437,8.84370
9.34681
1.64089
163.13211,132.73899
5.53070,5.74921
2.22162
3.59548
169.83415,180.68731
2.71990,7.52142
7.63583
9.94999
151.98166,158.15545
4.89096,3.23059
6.98184
1.62001
203.91612,342.95986
9.52140,6.80401
11.80356
34.55766
183.39036,107.43550
6.74128,3.70312
8.16874
2.10764
