10
141.69623,108.47888
8.80353,7.08690
7.08116
3.57018
176.43456,173.40127
1.11454,8.70732
8.20394
9.71611
151.24698,54.29341
37.48681,-20.19641
21.64087
62.78522
124.69763,130.71516
5.73848,7.43817
6.54094
1.37097
187.53576,157.08243
5.38620,8.21006
1.44886
4.40653
158.50586,158.65449
7.05641,3.30878
6.79854
6.03072
93.85842,435.06499
36.16699,31.34524
20.03210
97.80786
156.81597,112.64169
0.83493,9.99441
9.34236
4.09240
185.42181,148.92371
6.22443,4.34368
2.04822
8.95748
113.91598,158.37721
6.38817,9.49421
3.95443
9.27428
127.50172,150.78105
0.27517,9.71872
2.40932
5.26122
132.77757,107.94031
5.61405,9.47562
6.72510
4.65965
172.40950,166.13920
1.27463,2.81924
6.52995
7.86480
338.70981,280.05518
7.62179,1.17712
50.47992
66.03111
171.35601,161.28548
7.39686,5.91582
3.69636
4.19864
136.39434,151.18762
3.24653,4.42827
1.65228
9.83164
186.03519,183.30722
7.22557,6.83284
9.05243
7.39469
154.66512,109.63157
2.00978,7.15450
8.60994
1.44469
119.52257,172.67133
5.27447,5.67072
6.82621
9.30856
141.62905,133.33048
3.44346,2.03726
6.12034
6.04210
