9
145.02909,172.41783
5.85676,7.18787
6.91373
7.60328
110.56460,145.53085
5.94121,6.70713
5.53337
9.23650
114.70728,118.66878
7.18763,2.79562
8.00124
8.88289
155.44583,146.01095
9.63390,9.58907
9.05628
8.51775
124.40568,164.68388
7.97674,7.56056
4.46446
3.86367
111.15334,150.98728
0.42268,9.34494
6.37822
8.56343
124.99284,111.91136
2.04056,1.28280
8.03369
1.93165
140.18170,145.99447
7.17138,4.90822
7.59263
7.27432
155.63341,188.49988
5.35962,8.65473
7.16894
2.62754
169.27450,180.87885
5.15321,4.76604
1.34728
3.20261
156.25683,178.91675
3.92391,6.51789
1.97402
1.31381
