10
107.07379,161.21509
7.24222,3.24344
9.65440
5.79388
183.42645,174.26190
8.18035,0.60510
4.22538
5.89337
133.98814,134.20007
8.47713,2.53943
6.13083
9.23669
165.13658,163.61844
6.24542,7.99700
1.83865
9.09168
132.07575,170.24409
3.04587,7.02829
2.86066
5.95450
177.84987,132.40004
2.69029,3.89111
7.58796
8.46465
112.30042,125.98242
6.83076,8.07360
8.87717
1.98070
151.23463,143.95804
7.27584,0.59138
5.07411
1.18244
178.43714,119.77527
1.56588,1.48923
2.57648
6.53473
235.67641,115.18289
10.60271,26.14107
18.77085
48.45652
129.83854,139.19768
9.15998,6.60142
7.85657
3.62072
109.29855,186.77247
0.37432,9.71510
3.54364
4.27574
112.73020,158.64099
1.24962,7.79141
1.30720
9.06200
143.30467,108.88384
6.66777,6.68395
2.24371
5.91309
