7
121.08251,134.45364
9.58110,1.56101
2.64493
9.00576
14.04439,361.03948
-12.80167,35.79683
36.27150
76.62349
170.98985,122.44871
5.20202,1.66098
5.78161
8.76538
124.82404,161.87423
7.22831,9.86332
8.20787
4.52461
191.60452,172.61222
3.98819,1.26913
4.04351
2.52451
137.63279,169.80084
7.70684,1.89495
1.22938
7.85056
284.45730,440.79070
4.88372,-7.61513
99.31531
92.25512
148.76719,161.85797
1.81446,7.68542
4.07916
6.34215
116.47658,156.84226
9.44935,6.22068
7.62602
2.19984
393.53505,275.27465
-10.84025,-28.44613
80.30558
91.01546
185.10758,126.08584
6.38540,7.55919
3.81631
7.10189
168.72024,134.95055
0.93044,1.69875
8.42800
8.88429
272.50978,34.39991
36.28168,28.98636
91.24217
85.37273
190.71147,153.18919
9.23881,1.98592
7.53248
5.68034
