7
151.58815,139.62583
7.30990,7.28255
7.08070
7.94999
136.30713,117.40078
6.43888,0.42288
5.33701
9.72858
134.29411,129.69273
5.18025,4.64159
3.27705
4.23750
143.23727,139.76101
2.14100,2.75236
5.04896
7.02742
144.87794,141.86406
9.39064,9.68777
9.63372
5.73778
123.99042,179.86148
8.25908,6.35819
9.65341
5.62961
285.46107,97.26226
5.48274,-4.13790
97.70283
55.82652
175.73173,184.48896
2.34796,6.02437
8.51925
8.99694
178.21073,161.25925
6.70509,9.70678
3.41349
1.96900
423.08867,128.28683
-3.30807,-15.28172
34.94025
10.11453
284.09419,89.97601
38.18459,-10.44473
12.40179
63.66734
130.17663,168.59607
6.24810,2.10157
4.49386
9.10462
127.66205,114.26184
2.39323,0.04089
1.24855
3.90836
128.97145,181.32472
9.46927,4.12498
5.68461
4.87278
167.88820,144.14409
5.08326,3.16941
1.43925
9.07522
121.51381,126.93273
6.75610,4.71720
3.24872
8.46909
108.04550,129.55091
6.72534,2.36002
7.00461
1.96679
189.54868,181.44145
2.47000,7.58949
9.42370
8.95670
168.84961,152.09578
0.35347,8.63873
4.68019
1.55546
