7
356.37450,91.63609
18.95760,-7.81420
8.98166
93.19229
19.39932,164.95736
12.71272,-33.13506
60.94882
20.75998
160.39157,151.10727
3.66947,8.46204
7.40470
9.98635
128.83483,115.20273
6.81199,5.98066
6.94459
5.50176
153.72852,112.22170
8.05452,6.37919
7.27690
9.84117
148.81301,176.43765
0.32530,6.65486
4.78455
3.77861
152.04957,185.37464
4.98307,9.85760
3.42400
1.02461
156.85706,141.90782
7.90947,9.84776
5.87640
4.87225
105.79658,136.74899
6.65444,33.85110
38.29171
44.73096
138.90074,141.71999
6.23117,0.79884
2.11619
1.02023
133.75948,178.95826
5.19559,8.73836
1.32116
7.71375
