9
177.33056,137.42665
4.66737,6.39038
1.43308
5.52323
129.29495,151.29984
4.75306,9.69671
4.71897
9.47238
138.32347,153.73484
1.50908,7.19559
4.94008
8.68487
153.07927,156.48597
5.04967,7.39737
8.99963
8.01204
198.23600,192.30667
2.47578,2.43526
7.63939
1.74851
184.45230,154.50947
9.75640,6.20247
5.73333
8.73008
110.95475,128.39991
9.84716,8.59564
6.97283
9.91077
113.19941,120.82045
7.41775,6.71344
7.41195
8.50025
0.00232,228.45975
-31.99216,-21.76168
20.76642
1.99701
151.24426,187.94903
0.33440,5.27909
8.91693
9.66327
130.59990,152.11748
6.03910,3.18215
7.90379
9.76402
115.64625,111.03113
2.57138,6.66951
3.48041
8.09693
132.62435,108.75482
1.83788,3.18003
5.96107
8.04810
172.90750,141.31931
4.91153,7.25683
1.34474
3.90344
129.36388,132.86539
9.27318,1.74931
5.08333
5.54669
