10
108.64531,131.25121
2.87351,9.26151
5.24717
4.00599
183.59081,123.28393
3.24394,3.35704
8.11091
4.45961
123.64127,121.31854
1.57374,1.22872
8.03133
1.27058
110.39931,180.93030
7.31441,8.02045
4.43310
4.96338
190.52485,137.09629
3.28745,3.98326
4.09982
6.10975
147.22612,125.26779
0.50891,3.94219
7.55590
5.53472
184.18914,178.92022
7.92607,7.22576
4.00505
8.42097
113.44196,140.31778
9.27750,2.60891
6.51165
4.20959
105.86505,188.42695
8.02896,0.06663
7.76876
1.54178
168.52614,177.09671
9.87059,6.66093
9.09938
7.58447
187.90697,182.74794
4.26082,8.31308
3.68121
7.22349
119.34334,182.26194
2.98444,4.30571
4.83169
6.09612
116.51201,164.15280
6.12384,2.65412
2.74325
6.94882
