10
129.68930,165.48454
0.31936,8.78752
7.52359
6.89825
134.98615,129.98743
7.06678,5.36832
4.39376
6.17237
134.87745,138.75866
6.69614,1.64251
6.57976
9.73492
186.97637,142.89758
7.17819,9.42925
1.14191
4.90778
183.61415,123.16480
7.68192,8.22216
5.09056
3.32391
120.20663,145.32607
3.09577,0.63934
5.64935
2.46697
161.22031,146.85604
4.99638,9.09123
7.47702
7.19278
130.75662,178.57075
6.22904,2.16906
3.61471
3.09776
184.72242,130.68730
7.84186,0.38395
2.46834
6.89652
142.50146,184.20213
5.94284,1.96707
8.85211
7.33657
130.00523,118.77398
3.77760,8.22792
9.52820
1.87161
176.40826,189.44546
8.05289,2.48682
5.63003
9.22554
