10
144.55622,118.10657
3.26809,9.80515
8.14592
1.88332
150.57296,185.22533
8.13547,3.62236
6.46728
2.45594
185.46003,121.97182
8.82023,6.43967
2.84583
5.89923
169.75011,196.91065
1.86051,1.12623
4.85752
1.13756
464.89604,160.17875
-2.02178,34.61578
3.44884
53.37811
152.55185,177.91179
1.85761,2.48909
1.67710
3.91613
133.44804,117.83816
7.94417,6.31269
3.53231
9.99152
146.60932,151.16811
2.99504,0.21919
2.69867
3.46908
182.52445,178.29330
4.89453,5.40044
1.14634
4.95159
188.45941,187.52103
4.96918,6.26752
4.31443
8.20156
157.26357,151.76385
3.03867,8.69584
8.67607
5.75166
122.45212,141.50466
4.89533,6.96391
2.23293
1.96886
124.49494,141.56018
2.44188,7.95245
2.45625
8.89440
185.93478,185.83012
4.15404,0.43233
2.18311
6.92598
424.63062,4.14593
-4.33401,21.89419
55.90978
40.86265
134.05495,191.60521
3.15400,5.75835
1.75799
7.14271
