9
137.27228,177.21333
8.19965,6.07336
9.24880
6.60608
188.33522,184.06333
1.43483,0.16445
4.19641
3.22278
165.97558,133.77899
8.95680,6.28873
2.32228
9.81676
144.72215,179.56794
8.84866,5.40776
9.33797
8.66933
124.98092,172.54374
9.44022,5.40676
7.76759
5.97095
253.17733,479.14210
3.12103,36.52139
78.11458
36.61977
127.88878,125.04611
9.07053,9.58873
2.43653
1.46841
122.28673,126.94650
3.86922,8.15107
1.87897
2.30241
179.44555,188.39189
8.95167,5.14335
5.67796
5.00888
165.24126,141.79124
8.67021,7.93084
2.09916
4.58999
110.01106,169.27102
0.20048,3.98777
2.41101
3.35584
163.06336,494.31713
2.10774,12.36578
46.35962
65.97696
149.76494,185.38038
1.26519,0.81875
2.08698
5.64635
