10
113.23136,145.28243
5.40240,5.82475
7.89760
7.52729
147.51825,142.67936
2.48204,3.47948
4.21974
9.44456
135.16254,118.08673
0.83903,8.54528
8.50595
7.10629
178.85248,125.20930
2.27733,7.98916
2.64775
7.97761
128.88838,186.07323
7.67835,9.04251
3.90011
7.64011
194.16079,155.38998
7.87172,5.02793
9.68131
1.54589
110.36859,120.09652
5.37677,7.00964
4.65979
7.17061
137.99452,134.92429
7.48344,8.67226
1.34677
2.53113
129.79502,170.20210
0.60569,5.65064
2.29711
6.84701
155.69702,124.43014
7.77035,7.69377
7.36289
7.82295
