10
315.93194,246.07588
-0.54844,-15.27062
37.29866
52.08917
165.46777,106.34247
7.82054,0.32245
1.55732
2.72336
90.08580,290.39708
21.92286,-33.45231
61.86442
75.78232
191.64621,172.60487
5.28611,8.10177
4.56313
6.94175
347.47118,365.44034
13.50655,-36.59688
11.51622
98.12163
248.81488,350.21080
32.86588,-30.29824
14.93164
95.84994
107.35995,154.45392
6.57530,5.64873
3.19242
4.39941
233.31279,269.39568
-36.99285,-16.23758
12.66097
94.65336
130.69119,163.65090
6.97116,0.86906
9.28807
7.36251
167.33106,119.29666
4.36501,2.01663
4.62930
2.98722
120.50833,137.81201
0.05899,4.25761
2.85959
7.68231
111.98866,175.53399
7.36332,6.34459
9.42946
2.03180
162.63894,188.93603
6.80135,2.01214
8.35087
9.64963
190.21623,181.72747
2.19893,7.64440
1.58693
5.49366
182.71081,126.18765
27.52761,10.39312
51.04724
32.75012
161.25900,125.14378
7.73356,9.75089
4.56214
5.71909
142.13260,158.94773
1.14527,8.49441
1.95693
7.52954
125.08580,130.23362
0.01738,7.53978
6.44139
4.17732
140.18809,148.31534
5.45490,7.43796
9.94443
3.74683
116.46570,157.68727
3.29917,9.06887
4.04890
7.91375
140.86210,149.23200
7.35701,9.34633
6.12866
2.80655
174.44594,163.66462
7.75087,2.84204
1.89766
2.36318
