9
193.12523,196.22955
5.42185,4.12945
4.20163
2.30215
334.87021,441.03407
-16.11704,-34.21109
19.63060
97.59098
180.96628,122.12203
6.47732,3.13341
3.20934
5.83254
102.94682,158.82136
4.33772,7.06498
1.04407
2.81679
339.91080,437.22692
-3.71925,27.21295
87.59207
31.70260
111.70347,113.76035
8.70798,0.75104
5.93216
8.88083
150.88983,147.68458
1.55478,0.16528
1.75641
9.68796
179.72987,156.60525
8.49490,4.34167
4.50137
4.00395
13.19695,396.51605
35.55348,-25.35878
8.89253
63.14555
134.94095,153.56926
9.43951,9.26996
1.02638
1.39846
140.24955,123.92464
2.36986,5.49590
4.49313
8.80794
174.27411,121.93396
3.43906,6.30685
2.60922
9.30290
125.38231,189.36504
3.81156,7.52797
2.70273
8.16750
