9
169.58110,140.22174
3.78816,9.70450
6.67942
9.58334
165.43877,151.24216
5.94314,0.31928
5.18235
8.89967
206.92178,337.83399
-17.58859,13.15194
36.23737
41.33827
196.72620,152.40978
3.74278,4.84878
7.58870
2.76939
131.90653,110.72657
1.14546,7.03968
7.19794
5.40563
192.10904,185.20958
4.60729,2.48437
5.62624
4.37771
190.44683,132.96142
6.72405,1.94546
9.13137
7.53405
116.74312,191.58540
9.03595,7.63036
9.73082
5.72405
175.35665,124.23792
7.92893,2.03848
4.99518
4.46933
166.75425,141.27391
1.50310,3.80441
6.96449
2.26318
118.61487,151.90289
0.01532,8.72438
2.48350
7.02681
156.75866,128.48008
4.28061,2.94928
7.86432
2.06170
