10
109.67144,420.85936
9.94207,-37.47409
17.25996
68.50271
260.04702,102.60969
7.64048,20.75054
21.51129
88.08707
164.20096,173.13502
5.67219,3.92506
1.37738
8.84220
161.58139,184.31406
5.81135,6.72535
8.15790
3.03592
133.59857,110.52195
7.27136,7.54247
1.92376
2.62841
143.67151,184.76542
4.78139,7.52935
8.06286
2.60429
163.70589,183.54422
0.75192,1.11452
6.80830
8.29700
126.16419,156.06139
5.08652,2.10630
2.84276
1.90685
142.07999,111.22483
3.29901,4.53751
4.53898
7.90910
162.35847,136.15374
7.31871,1.13409
9.82912
6.18918
241.11895,302.61426
-17.12866,-38.12913
63.72878
26.57723
131.75391,143.74909
2.42138,3.19608
1.64761
8.94603
144.78199,158.43921
4.79645,9.04810
7.65819
7.58556
131.08953,135.99866
8.47666,8.68359
6.79192
3.20136
184.45346,111.57580
2.61512,0.18744
5.28113
8.15257
77.64954,443.32971
-18.77188,-27.92947
73.91528
57.88631
157.84827,188.10077
9.28970,8.07241
3.24554
5.12690
122.90313,138.12175
8.12089,8.89325
9.74095
8.80371
109.90078,151.87295
6.39678,4.49978
6.73687
7.18426
