10
118.38623,180.50562
7.29761,7.09278
2.27464
7.45786
109.14286,127.65219
8.60707,7.67955
8.10171
2.73142
249.35928,226.59626
32.42067,-34.97290
42.43503
27.37642
123.60295,174.24105
7.03777,8.50511
5.43310
7.33005
146.60188,167.56175
9.17552,0.10923
3.53866
1.04112
153.13625,157.02295
7.88009,4.43892
8.45669
9.83184
136.57286,136.61297
9.01442,6.96699
6.54575
3.38280
188.44813,132.78571
6.10355,2.00111
1.94302
2.96334
141.52847,145.49434
0.54520,6.25572
8.02676
5.21460
140.92863,116.20246
7.90269,5.18694
8.32619
3.30685
188.97417,127.22270
8.91916,7.19768
4.74878
4.18326
121.27548,176.40951
2.78352,2.52884
9.32625
2.91719
137.00248,187.52765
5.99917,7.19470
8.11823
9.46576
109.44847,389.99802
-10.82124,-27.48532
15.18496
90.10739
125.81538,112.34521
4.62944,1.80457
3.45417
4.72189
