10
158.39076,103.07948
5.31319,7.01077
2.41517
1.15269
168.26808,188.70014
4.97342,1.06072
5.82164
2.90550
114.64871,191.76365
5.49764,6.44222
1.65815
4.95021
120.26269,116.46172
7.52031,4.69102
1.10507
3.73585
183.65996,113.95381
8.64062,1.00569
9.24479
7.68948
109.18198,162.90844
2.77150,9.11975
2.19682
7.21424
174.43025,108.82088
3.32324,7.56379
8.77210
4.61358
189.07897,425.74805
0.68884,27.97834
13.01664
53.37267
103.13803,183.90266
6.25525,2.13234
9.83439
1.27934
185.40017,135.71905
1.37355,4.25303
5.28042
8.48153
60.74416,138.33263
-30.90290,34.06740
1.05995
83.52736
185.74819,191.98002
8.96338,6.08184
8.76985
1.22948
172.55522,179.53160
9.28890,4.99984
6.42288
8.58107
164.87821,180.77303
9.39948,2.33830
7.59778
5.85677
179.98824,133.17696
4.07986,6.18607
3.65560
5.44190
139.63769,187.59570
8.63232,1.27767
9.86784
9.04819
