7
160.23693,115.46228
1.31430,8.32459
1.59677
3.21255
154.48555,157.71264
6.68074,2.05777
8.36023
1.33438
162.17102,168.70994
6.82786,8.72907
6.58516
9.56122
183.65407,125.20380
8.20443,1.87927
1.31856
7.86653
166.12952,164.42387
7.94605,5.94944
6.36923
8.57337
451.52997,379.88616
6.77404,11.02787
58.40991
3.45478
170.91610,182.83029
6.00243,4.62020
9.33094
6.89546
138.02232,152.28257
8.91461,2.11718
1.70376
8.25065
176.01912,127.15281
4.04324,4.57680
7.48637
3.83991
184.70649,155.03628
9.96380,3.67862
5.57669
8.14864
