7
187.32961,164.95730
4.84087,2.38746
2.16859
1.87744
181.14008,164.20574
3.03822,7.60352
7.11086
1.03099
172.48915,141.30424
6.36055,0.98797
7.16379
6.77807
131.80234,172.11236
4.78286,5.20725
2.36073
7.47736
300.97093,246.95324
12.33948,-39.72078
34.74953
4.83261
395.99536,235.86360
-4.48909,-5.80290
38.63064
1.81451
133.74408,180.38283
2.73016,8.83749
9.59259
5.47694
114.23097,161.02694
4.66599,5.52571
4.02372
1.57932
105.25607,162.05529
9.71581,2.16777
1.30283
3.19683
153.07854,108.68499
3.17408,1.16449
1.05142
2.16912
