10
107.73318,132.80584
0.29089,4.68134
8.50720
6.21053
188.49918,189.97740
7.89484,5.98006
1.76935
7.18139
162.32061,231.70077
-32.37401,-17.25001
15.81457
75.58166
137.62873,136.48503
4.54073,3.79786
5.55763
3.01582
223.03331,488.69556
-18.59978,-11.51228
38.54043
94.29692
113.62190,125.88913
2.22643,5.64312
6.47832
4.58476
357.08850,413.37326
-27.51518,4.71449
41.28677
48.29939
122.27659,157.82576
8.01730,2.67685
8.47873
7.97260
108.16988,132.31507
5.75133,3.26567
7.31079
6.06884
154.25383,185.60042
8.21047,4.45859
1.61199
2.71031
150.02633,133.69762
6.04928,4.96423
6.48955
6.87573
115.63926,178.31922
0.30191,9.44923
7.16053
5.31311
163.07938,161.30850
23.98440,-26.68826
80.78281
69.73573
128.66279,166.86833
3.49433,0.82652
7.05080
8.11621
189.12183,126.92667
5.71387,5.95588
4.46875
3.08015
192.94834,106.39132
0.92588,0.46127
2.78781
6.14816
133.75112,309.87406
12.36363,1.99402
71.18256
36.34803
133.29808,145.70456
7.04671,1.24511
6.08376
9.12889
190.20517,178.56118
2.84731,5.20454
3.57289
8.12439
116.43918,108.49699
2.40759,3.63868
7.65137
4.49052
