8
169.99225,153.60388
7.34500,1.19021
5.23014
6.39657
187.45598,106.74859
0.41951,6.31782
8.45908
5.61683
157.22961,135.08046
4.90887,8.71894
8.26203
6.10553
181.62196,136.91551
5.88680,7.20095
1.82415
3.64325
191.25182,153.22681
5.88181,6.67981
5.85816
8.28324
188.17832,169.66100
3.90382,3.86090
6.99421
6.24407
192.53386,166.36036
6.53620,1.17673
3.89061
2.89727
127.42908,185.00072
3.97904,6.14676
2.98232
8.89833
159.27242,376.25255
15.58242,-7.69403
62.66014
7.57663
171.10271,162.25912
0.86016,7.02682
3.02992
1.68457
