7
124.69073,174.07702
9.24931,4.53533
8.10761
8.75967
130.50225,178.19743
9.35955,8.41807
5.90536
3.57004
132.86303,152.25304
2.56121,2.51524
3.49114
6.94854
121.04485,112.09063
7.55530,6.86006
2.63202
1.58893
133.34018,171.73461
4.17713,5.52651
6.40825
5.94999
383.19444,270.97515
37.21756,9.76448
65.04403
16.57711
194.42921,169.71517
7.15396,3.65835
7.77455
4.54628
148.92728,119.52452
1.96922,2.20821
9.13174
3.45576
185.35044,157.76015
8.41950,3.08565
5.77867
7.97214
125.63343,175.94326
3.56218,7.04859
6.65828
9.85415
112.45844,132.47663
5.32267,1.38727
2.52037
1.67746
