9
151.52206,184.66061
9.46801,4.03337
4.35885
6.58275
154.11148,114.09290
7.74802,8.26703
8.35800
7.51797
158.60358,149.89374
5.55384,3.49706
5.02278
8.44451
181.84556,138.63663
3.71398,4.67548
1.68285
9.09463
154.41628,167.18912
0.50354,4.61229
6.21938
8.98076
106.75760,152.24912
0.63091,2.48415
7.70709
4.73613
125.35421,128.68847
0.08489,8.18815
4.69363
8.63431
111.62211,170.10087
3.09178,4.68091
9.78310
5.80341
296.60327,390.08163
-26.29955,-32.89319
79.85744
33.28025
105.66406,177.46771
4.16654,4.92478
6.01638
4.13035
111.57399,195.87746
5.79257,0.21949
1.71683
1.58518
