9
167.94013,146.79011
6.61063,4.17977
5.70220
9.78511
185.66604,110.89199
9.69253,7.25078
3.07587
9.92094
137.65314,160.45049
1.66122,6.39895
4.34486
3.48599
102.29948,125.81296
6.02232,2.82358
3.05528
2.25822
113.36674,173.36900
3.11550,3.61740
4.58711
2.16520
167.10285,160.12377
1.35481,3.39134
7.32263
9.30687
172.68612,159.61782
1.44006,0.26438
2.94852
9.44771
280.67323,261.91730
-15.46697,14.44544
26.08250
57.28367
124.66465,165.67566
6.09347,3.30983
1.65041
3.86342
121.60508,124.73787
9.69676,2.81485
8.31779
5.71199
483.71712,181.34145
-29.14602,6.27966
88.87568
68.70363
174.57598,156.54677
2.97830,7.29231
4.37686
5.59576
179.21987,182.22575
7.56110,7.51072
9.64024
8.22639
189.28672,151.66924
4.66769,9.38533
7.10127
9.52504
