10
110.75437,129.12638
4.17869,4.60461
5.27120
8.89310
163.76123,165.83864
9.26557,1.46311
7.00719
2.84344
421.59370,387.78336
-15.16619,28.41488
19.94587
48.76753
152.29799,132.36013
2.20528,8.95062
2.10947
4.16256
147.40678,138.01340
3.77466,9.56585
2.49880
9.50923
151.51236,170.51082
7.15797,5.33872
5.44249
6.41397
129.01439,181.24759
5.33645,1.55288
8.35513
6.44341
138.84343,111.84853
8.73166,5.25300
7.90991
1.68714
150.83280,110.20639
7.76390,7.22618
5.41883
1.53132
119.71553,132.57507
1.06270,8.26747
1.48752
3.17152
134.73489,139.18440
0.29695,1.38939
9.01848
5.88942
167.34190,179.69216
0.96050,4.59995
7.43199
6.91280
175.26988,177.11937
4.76697,2.88018
3.70421
8.18533
116.72189,171.26737
6.38832,5.88025
1.29090
6.65403
