8
187.84493,175.70414
2.83451,9.46012
1.37600
7.86629
166.10200,192.63493
3.34138,9.17556
7.13580
3.17655
16.28671,301.57828
19.15764,29.16676
33.36457
45.06057
130.03293,147.91449
4.45938,9.61059
5.63814
7.74605
114.44204,189.66240
0.73987,2.36488
6.66835
9.33507
170.80223,147.06248
9.56844,8.84337
3.16730
2.57784
72.38052,31.38364
4.29684,-9.09139
76.44422
35.48391
170.61388,167.68966
8.26525,6.27881
8.94329
6.08236
169.95034,144.28536
4.67980,5.13082
9.89754
9.14229
135.87010,104.08979
8.12404,5.07519
6.02673
3.34322
132.54245,175.12905
3.52131,0.46055
9.63383
3.16370
