6
158.40003,128.47501
5.88061,7.99713
6.96704
7.52799
118.64569,173.86643
5.90571,1.94710
9.38865
5.11126
152.39092,141.93753
9.76386,3.78183
8.26232
9.34447
126.96471,114.07800
8.17228,0.90222
3.41254
6.79095
106.27722,130.16652
6.65853,2.33018
2.42489
5.30023
251.20460,173.94835
28.01651,16.70660
56.92641
90.74861
160.71691,147.65877
1.60185,1.94761
4.29303
3.88913
13.10784,89.59630
20.28120,-10.93769
60.00884
98.45349
312.13707,337.69501
-6.85911,-24.56270
23.28342
54.96294
184.24133,116.70354
3.52351,5.92877
6.12946
3.56064
