10
179.27651,139.98644
2.58346,3.22940
1.57879
3.88944
113.85795,113.74088
5.78933,0.16046
9.43987
6.38790
186.84492,196.38285
0.56415,3.45699
3.03041
1.79183
152.41429,176.88138
3.24480,6.14317
9.84484
9.53156
179.16375,162.82938
8.38935,7.82307
2.93434
7.07608
139.80631,250.21728
20.41290,-4.40435
45.54127
79.43437
411.94869,261.22621
37.53046,-17.48715
39.84672
64.37538
162.21364,186.96561
5.90406,9.08855
7.90694
3.68022
162.19453,185.82715
0.97580,9.86753
8.01051
4.62793
130.83795,119.50119
9.83761,7.95308
2.24005
2.41181
186.57056,141.63737
7.57815,7.07440
1.03165
9.22768
139.67056,138.17194
2.00670,4.85466
3.54143
4.64102
178.51289,122.53129
9.67717,8.78946
8.14774
8.68108
161.39936,115.76349
7.46707,8.28276
8.52197
6.70742
