9
151.86465,115.45971
8.30216,9.92589
1.33750
2.05183
188.13923,139.80950
3.40087,9.45996
1.92900
4.21268
233.84379,242.20817
-20.11756,-28.41979
20.21900
60.25050
171.03425,137.80608
1.43942,9.43155
5.57445
7.78018
127.78381,150.87078
9.00613,3.88746
4.85791
2.42177
183.70695,138.57892
0.43969,7.78369
6.24699
6.21930
169.16644,175.18389
4.96489,1.51096
3.42271
4.46500
153.72267,147.64500
8.33592,7.55476
7.12760
5.11534
188.47252,191.47114
7.30149,0.34222
1.45108
4.75693
188.42285,115.45939
3.90389,0.63915
1.50545
7.25633
101.17956,277.08791
10.50874,21.30797
78.59887
99.67518
128.50881,159.66918
5.94651,8.69626
6.95405
2.36034
