10
125.88696,158.58148
0.07780,7.47702
6.35498
2.74642
175.50574,185.83833
9.61948,3.56380
9.03555
7.75046
106.07066,192.14427
7.55474,0.86439
6.84071
6.04074
147.52215,158.40842
7.50087,4.85259
1.17674
3.15408
385.03800,178.35603
-17.09282,18.94794
71.71101
2.98499
179.01551,177.12053
3.55769,5.51196
2.72999
8.76150
461.01974,314.67527
-38.33302,32.25393
31.98307
20.64581
171.71863,182.01922
3.58764,8.68196
5.14669
3.15981
113.07492,189.41990
7.83142,6.94919
2.92641
1.23818
181.31829,179.78898
0.38618,9.73398
3.97759
9.80491
189.09803,128.73138
1.13489,1.68058
6.90952
3.49732
108.90020,143.64005
6.75790,6.25720
3.05471
7.66956
190.99094,116.27776
3.20284,0.77863
4.87823
6.94720
385.86516,441.24619
-6.49683,-8.58514
26.14369
74.82146
157.16288,130.02520
3.27688,7.93793
4.48230
2.63952
165.51473,163.03854
9.35102,4.09400
9.92010
9.26092
