10
329.83853,478.14469
-13.02822,-18.95033
8.95703
12.93250
134.43020,112.39577
8.05078,3.43524
4.76043
7.70504
145.76963,111.25568
4.16700,5.59561
9.32954
1.38326
129.91857,112.48575
7.23222,6.91651
1.96209
3.67645
208.06326,244.62105
32.96823,37.02030
57.55356
28.23127
188.66139,121.63669
8.32410,0.19202
6.28205
9.31399
157.52552,123.21753
9.05053,5.63838
7.03246
4.09160
128.45867,259.63673
-28.96874,1.13512
27.76235
53.42700
135.69733,162.93843
9.97019,0.90770
4.07627
4.68092
152.61527,146.30449
7.98039,0.72840
8.16970
7.25089
127.13716,167.66721
8.61668,9.53179
6.94118
6.27667
159.41999,153.77439
1.56769,8.28487
5.04827
6.82620
127.52654,143.12660
7.42927,7.76886
7.45531
6.63514
187.43293,174.81930
7.04051,8.59845
1.54101
8.61806
155.95480,170.30834
8.00765,7.29707
6.25949
6.51687
143.58294,142.18812
6.17608,7.85619
2.13454
5.12498
132.58135,154.56445
1.97166,0.80160
7.96252
8.00293
184.39558,116.64530
4.44127,0.72596
2.69105
1.10789
157.88762,192.56206
4.55440,0.50891
7.62812
6.82851
