9
330.53589,301.18610
-34.38041,-26.39352
97.33185
1.26244
176.43034,113.45110
7.55707,4.08252
3.05416
4.51239
147.69410,114.83605
2.70844,8.31389
5.78086
9.43942
186.05079,127.83006
5.73191,7.78854
5.87480
4.32643
128.26104,157.02701
1.05196,4.47360
4.61797
8.77418
123.19871,116.67332
7.05788,0.90906
4.58408
2.31520
3.14309,479.38176
26.82589,10.83719
94.21782
96.91106
145.63655,108.95110
5.27921,0.30693
7.80649
1.25614
121.84860,135.26269
8.71823,4.38564
1.16658
3.41804
178.88221,119.16247
8.73645,2.20888
3.74141
3.98748
148.06295,128.56963
1.07896,2.80883
4.98836
7.42749
132.79994,176.78006
2.53542,1.50600
9.84884
4.86944
37.96652,200.66181
0.47320,-9.86831
2.62365
2.32181
149.68170,186.11332
0.29932,5.51247
1.47281
3.77602
156.42768,163.93190
7.68941,7.15492
1.27579
1.72743
