10
121.75734,126.50395
6.98490,9.20690
5.12444
9.80526
160.94241,123.97510
8.16049,2.71690
8.63630
3.99363
171.56958,154.31540
0.93774,9.44236
9.48842
9.81982
113.74618,116.54633
2.17591,7.40751
7.59775
7.28307
139.11361,116.72903
9.32201,2.04995
8.37264
4.41365
132.13043,182.78761
7.12818,8.57713
4.91650
7.08871
111.96730,160.48872
3.72744,5.37675
1.52071
2.84259
164.81207,169.79868
9.26252,8.86671
2.23490
7.53833
115.22436,118.69951
5.39115,5.97563
3.33181
6.86202
175.18598,126.07505
7.96852,6.32214
6.82769
9.30438
133.21728,175.92282
1.89259,0.23664
1.79124
4.83822
116.73565,163.36572
1.91073,6.34777
2.27506
7.01596
166.75517,158.32491
0.40980,3.52569
6.35693
4.04003
174.74162,112.21671
7.03072,7.14566
2.19115
7.44736
158.45510,185.55627
7.17547,9.15200
9.21845
2.09588
190.08352,174.17962
9.51341,0.57807
5.57223
3.50381
117.54841,168.98449
6.06924,4.02272
2.70887
7.81917
162.90455,114.06377
4.15862,5.31484
9.59537
9.28412
481.28879,111.32317
10.91353,-11.53574
20.47517
89.36863
430.71352,198.03596
-12.24371,20.22693
38.61403
97.83982
307.40551,329.82251
-12.55754,38.63827
53.84524
49.67179
114.41518,119.57046
0.24831,4.84129
9.81980
4.55717
144.95740,164.09178
8.01473,3.77204
2.63423
7.31973
