10
340.57544,357.06935
-14.88004,-13.40262
8.06143
34.29908
183.74266,103.27520
6.94115,0.52105
5.14547
2.77691
166.46114,103.70366
4.26138,8.66048
8.43696
1.72202
147.58951,109.22338
4.03827,2.87020
5.97047
7.90740
106.72324,184.73689
1.51194,2.17500
2.96234
3.89152
272.77659,131.67732
-21.38044,-25.11873
72.19838
87.52574
161.90824,132.38162
5.92048,5.95067
3.24776
9.68929
142.32275,170.52352
2.62481,5.08723
5.28903
2.88544
179.87276,192.46500
5.78954,2.13082
6.74690
3.07578
134.04274,109.72651
5.94343,4.53611
4.36542
9.59600
140.50002,173.82138
7.90090,3.09394
3.25225
1.24112
183.70798,157.97830
9.02599,3.45723
5.20300
5.40826
160.34842,152.12102
2.24826,6.00800
3.21760
8.05494
414.65425,138.71702
-19.16157,0.59768
48.41666
0.04469
179.37976,193.23999
7.57645,0.89846
6.28582
3.99756
184.26901,146.90544
6.08637,7.77741
5.81178
8.58789
103.10135,134.17784
1.92958,8.19545
3.88375
1.97699
