7
115.31257,146.63479
2.86370,5.90897
1.85440
8.28827
165.83801,125.68946
1.29328,8.35214
2.88854
2.29911
187.36066,116.63501
0.13726,7.52697
5.87439
7.49648
191.25535,125.25759
3.23967,6.21685
8.80355
6.20496
7.16432,218.00422
-2.98062,-28.97916
50.01332
4.20002
197.05040,108.72634
2.26954,2.78852
4.99833
2.32589
107.61724,160.38037
5.07959,2.54841
7.57933
2.88841
113.98246,117.61099
9.20780,4.34639
1.17891
4.14143
186.03633,126.99023
9.97085,7.56566
3.86858
4.40133
136.04965,156.35377
-24.18585,-13.46094
57.51563
43.24722
136.71641,111.03839
0.79528,7.78148
4.97356
1.72955
