10
155.90705,124.40180
0.86970,8.70667
3.01864
3.01881
142.27118,121.03556
1.97561,8.47934
2.83928
9.97729
114.98885,180.35184
6.91338,8.91894
9.41402
2.17880
121.50211,177.35691
0.33156,0.39731
3.46895
8.77628
184.12052,172.62800
6.59478,8.86427
9.10188
1.84546
116.03261,112.31744
0.34183,8.16839
4.19333
7.19109
193.09406,163.29555
6.38217,2.64612
8.51652
5.46731
161.44339,138.61864
3.12356,5.02271
8.81092
8.08291
182.94550,141.13908
-10.04192,-7.20904
48.24096
66.55287
146.04800,127.73385
9.55322,2.71609
7.34439
8.36148
167.85925,336.36469
-28.94395,-0.59505
9.01081
84.15011
270.90291,17.39654
16.67494,39.18999
42.41926
83.28186
184.67728,171.00060
4.11123,2.96089
6.22736
7.00280
170.77591,178.64129
2.59329,0.72292
6.71734
3.18519
136.23254,184.15931
9.98498,4.37149
5.66407
6.31544
154.25221,113.82797
6.24519,5.93503
6.06222
9.09656
114.95518,184.78962
0.60777,1.33560
4.83077
4.22437
131.50757,141.32180
8.72851,8.98118
8.79023
9.79598
