9
178.86470,118.18821
8.53098,4.25844
5.89223
5.75201
143.75905,138.46142
7.64112,1.01678
9.50829
1.37546
145.14717,141.78408
6.81152,4.80326
8.28950
2.38408
167.71283,189.94135
4.78792,9.58580
5.97185
8.13583
161.82406,158.04711
9.21791,0.46977
5.47233
8.60507
109.31317,167.79077
1.02553,4.25493
1.68823
7.49588
185.12621,130.79852
7.76932,2.91336
7.76582
5.76619
285.33507,174.31351
2.26248,-26.95210
64.25486
17.22195
114.48697,170.29501
0.28626,4.87830
4.43986
4.89072
116.15605,137.66974
9.95616,4.65190
9.48407
7.33872
119.51904,134.45588
9.24743,9.70255
8.98325
2.49112
129.87189,133.06199
7.72326,5.26384
4.33418
7.96883
180.45902,160.71750
6.34980,2.75027
4.87741
6.99157
163.56502,175.46419
9.30813,2.98874
2.63511
5.11752
