10
256.41260,430.51708
-34.32778,-13.30893
82.12593
51.99141
120.72923,181.02375
2.20857,7.45133
8.89786
7.23397
180.48217,115.34028
2.39196,0.59523
3.47890
7.07544
162.08221,177.63948
7.46667,0.53581
8.46283
2.08951
174.08906,175.16733
9.49510,5.92397
9.57198
6.34784
156.22012,153.82027
1.61169,6.61249
7.32226
1.37851
192.48644,147.18550
4.79354,1.18831
5.84402
6.94935
498.13213,362.52578
30.09489,5.22164
12.15213
17.56157
163.93655,124.83410
0.17547,3.74571
8.20105
9.23435
177.48721,174.22346
7.44824,4.56765
2.16495
5.18913
188.05127,115.20102
0.40748,5.82021
2.20725
4.70733
175.23935,119.21401
9.11911,3.83336
8.55005
3.70123
387.39149,236.77558
-4.86050,-38.37416
57.14015
90.47849
121.07670,115.31259
-24.63172,24.26583
40.47754
12.81652
443.12827,112.20350
20.34066,-23.16439
65.41075
70.74815
123.82626,119.11050
9.99138,4.32677
4.11269
7.62554
173.24647,157.40376
7.54218,6.45711
9.32451
3.06562
113.07333,194.11383
8.47277,9.14982
7.64398
1.78154
