10
117.36304,409.51726
1.15960,28.89850
66.75716
67.50045
143.32138,123.80515
2.71812,1.45616
8.00206
2.48328
178.30889,193.61552
5.02826,5.37581
5.51536
4.59541
180.35696,150.88730
0.70127,8.84494
7.56084
9.03549
168.62965,164.67294
7.43018,4.56763
1.23500
3.20458
164.77590,172.74071
9.41933,6.47351
9.15622
5.59187
117.87546,122.26644
3.95755,3.27848
2.49965
3.08669
487.67027,347.30193
-0.38164,-6.46494
81.31039
5.13884
182.07458,150.73666
2.82088,4.43223
8.34343
6.83853
160.93313,163.50525
4.60280,4.45962
7.57312
6.86775
135.03395,107.79204
4.75306,0.33287
6.75547
7.21180
159.32441,131.53867
5.06476,6.70984
5.62583
1.09147
177.63137,121.15848
4.19211,1.73118
4.37720
4.91030
135.27398,173.01776
6.92110,2.09736
4.92480
4.36801
