9
193.50424,83.10464
10.70485,-4.38285
13.59657
33.58930
181.12833,152.98457
6.64821,1.48200
9.86683
4.60540
149.37514,193.54616
1.83018,8.21909
8.90292
4.41249
161.25998,110.68029
8.03266,5.84322
8.01641
2.90217
141.04969,139.01797
8.05573,5.43254
4.31676
3.92830
120.43241,122.83562
6.54376,5.58862
4.78689
3.77688
150.63072,192.01478
2.63963,7.02184
1.41163
4.02814
454.48713,395.08047
-16.25206,-12.31669
86.08721
5.00792
187.53229,176.42880
5.84388,6.06816
1.09974
3.84891
104.39719,139.54000
7.83271,2.68591
5.61029
2.74550
184.78725,179.81439
2.01124,5.18479
6.37562
2.99312
192.07317,121.68610
7.93816,0.23214
8.82917
2.58149
113.95729,122.44998
1.44257,1.00929
8.85755
2.16038
