8
163.27964,164.47762
2.30681,9.53573
1.70066
6.24754
493.78296,455.57040
-3.45606,-27.87047
46.47026
13.86449
104.35531,394.20300
-7.22297,38.56797
85.79199
89.63089
172.54029,161.81641
3.20920,1.16297
1.85873
4.82119
497.88156,439.06395
-11.41532,0.18838
93.76321
37.12811
113.28238,128.80991
1.18659,1.15285
7.60573
5.20637
131.73320,141.91707
6.12508,3.24298
9.16522
5.30242
163.06475,152.59994
0.05964,5.78236
9.90178
9.40963
135.83340,175.58945
1.82624,2.69698
9.48150
7.94877
184.11220,118.93400
6.59435,9.28108
1.95934
4.93097
106.07266,175.05878
8.93370,3.02405
9.74392
3.55810
114.04115,159.52759
9.46794,0.37902
5.97585
4.96938
112.93607,175.58639
3.76015,1.21820
3.29105
6.10590
159.29871,110.66166
4.06731,6.86397
7.33937
2.76948
