6
302.43534,242.20146
9.33697,31.99307
72.74024
7.93682
24.40878,53.62798
-0.37858,39.67949
75.73810
95.14151
110.54138,125.20520
2.17786,7.52642
3.05105
2.52354
218.94569,232.55134
22.49112,31.14987
41.34499
43.52445
143.86165,121.23713
1.90016,2.40019
5.66019
2.80132
182.80194,177.78927
3.00433,6.17419
3.17395
1.60189
170.98183,186.87676
9.53538,0.22711
6.93078
8.70356
106.68673,337.24549
19.15163,5.63243
69.79683
81.64275
151.99092,157.08163
5.18146,6.27019
8.33073
1.30535
157.81976,146.39502
8.22717,7.61798
9.48228
2.85257
