10
173.84300,147.35115
3.56539,0.25150
1.16137
4.25263
113.26609,126.81443
0.12203,6.35599
4.15465
4.80068
150.68298,149.98612
8.69917,6.48811
9.47142
3.42289
169.83710,144.29499
4.59897,8.11181
9.24395
9.06757
140.96264,120.49413
6.65113,4.35335
6.54762
6.62444
382.99455,224.45833
5.02268,-1.71990
15.97785
83.45230
184.36330,176.08195
4.72948,7.73126
6.87519
4.03208
126.31203,147.52959
2.93062,1.44090
6.06807
2.20981
127.69925,133.85713
2.04247,6.93710
6.98810
3.31265
103.97312,173.50821
3.32200,6.81997
1.51478
1.82541
219.95097,456.96051
5.35813,-21.01695
99.99922
60.08761
162.23764,109.12407
6.19344,4.89938
9.16957
6.52605
162.28999,151.66806
1.05651,0.18937
6.81718
8.71319
122.31344,170.77106
1.63442,7.22949
5.49347
9.74396
