9
126.09220,180.43075
9.55309,1.13042
3.11735
9.18623
174.17642,177.38858
4.73674,9.25261
6.77113
1.45909
110.81852,180.20583
8.88250,1.39520
7.12540
2.58341
123.20360,169.10362
3.80280,8.85385
5.93398
7.81822
178.24102,154.45807
9.52388,0.42622
8.64674
9.33402
151.74692,114.23272
9.30145,9.35209
1.19482
5.17567
419.87232,223.11523
1.49423,-17.13177
49.65364
37.47628
135.64808,72.29450
11.17157,-5.38560
81.14835
38.15784
130.23525,125.41233
5.88845,3.84950
9.42499
5.51547
154.22875,108.78954
9.48808,3.65195
8.87041
6.47627
205.97567,348.18578
-31.73341,-28.98849
96.46453
89.76083
124.69513,173.28890
2.11733,6.92978
4.40063
1.11817
169.03526,170.48927
4.60082,0.52248
6.61027
9.00701
126.09906,138.46283
3.81123,2.91031
1.06513
3.27051
145.76520,138.15994
4.72982,1.46700
3.41589
6.32781
42.22973,327.92077
-18.47822,-6.48857
80.32140
88.80264
123.86533,186.91326
2.31243,1.18706
1.09154
5.18005
192.90059,182.56605
-38.75495,-22.66537
3.63118
90.21980
126.26205,117.02758
7.13424,5.22157
7.84616
6.73024
72.02725,455.18752
19.49413,39.42051
8.27181
46.17943
105.12385,120.93895
3.70019,3.93679
5.98207
4.75673
