7
331.51527,409.50000
4.70132,25.63480
75.34874
96.07538
117.32437,195.79102
1.67936,9.88333
4.63519
1.78569
187.41618,148.35205
6.70938,4.55951
6.38205
4.59020
128.37366,123.84453
2.38345,7.39082
9.13761
8.11775
126.15813,134.29165
3.77939,2.37255
5.52333
9.50771
189.96067,145.73454
3.24665,1.76786
1.07734
1.92498
128.04777,137.94523
7.10445,6.44880
1.32474
3.57590
115.46395,411.46080
-5.31656,3.74522
95.59841
77.06689
23.97208,426.07495
0.57895,-33.52021
6.59828
99.52186
113.89085,120.87397
2.46380,8.00843
7.81351
2.91993
130.09677,164.43963
7.33517,3.59094
9.60851
8.01504
164.17270,158.88530
9.03834,8.77201
9.54838
7.14454
