9
141.44313,178.45891
7.50228,3.64464
8.36592
5.48178
183.34142,167.91012
0.15159,3.81552
3.93056
6.70675
131.11605,161.07702
2.73885,6.11256
8.99586
7.35553
122.57260,142.22311
7.97100,1.12947
5.09839
7.60003
190.11586,162.50220
6.54452,8.25840
8.31720
3.44287
127.19367,187.03600
5.75992,4.18537
5.45482
3.18950
189.91560,170.64866
4.38674,7.69855
9.15205
4.20932
371.04508,34.41286
27.61224,-1.21880
1.79949
9.16869
206.11669,470.87673
-3.35400,-5.89975
12.62338
72.98793
165.10847,184.16402
3.24058,1.09226
6.65365
8.73924
114.51560,158.13762
3.75087,8.51147
5.20003
9.30215
188.36266,144.98238
2.20662,0.63981
1.94980
8.43121
175.35485,149.61813
7.80861,1.44237
2.31460
3.32567
