9
33.54686,265.24830
-6.70423,34.82465
21.61237
34.89146
113.73958,140.12016
9.01687,1.98473
3.55983
7.81440
103.76373,112.62726
4.50560,1.36459
6.00892
3.35167
173.88420,129.09827
5.87403,9.35148
3.06199
5.33971
301.01777,62.64514
20.30333,39.47706
42.63331
27.07923
290.17748,399.89363
14.09188,4.35787
87.04188
27.83146
67.38801,96.18313
-34.51305,37.05713
82.71124
71.54570
211.63849,484.17297
-11.31322,-31.02179
16.39848
49.72433
166.63126,134.01509
3.71176,6.46397
4.82260
1.28268
334.42810,161.09432
20.63661,4.60558
86.15147
54.72849
107.96554,111.78138
8.60501,5.74489
5.55996
7.19336
177.56160,121.37264
4.97416,2.18536
1.41987
1.49858
178.44634,142.52708
5.89582,9.93009
5.81885
4.21833
134.91601,120.85126
5.36655,0.18751
6.95518
8.55090
183.49100,169.51294
0.78332,1.70962
9.45627
9.63949
146.18679,176.66954
9.59633,9.63600
8.65062
1.91088
