9
140.57702,143.08906
5.03690,1.40356
4.47621
6.73364
196.66717,169.15424
4.95384,21.15189
29.52032
2.71434
175.78453,118.07388
7.41911,3.56112
2.01621
5.73987
111.20174,184.55406
9.63085,8.21385
7.55767
2.03203
147.85478,110.74185
4.71913,4.04930
8.45122
5.84888
173.31219,189.31851
4.36466,0.26250
8.99443
8.59532
191.29702,121.83360
1.09601,7.73590
6.03285
2.83251
133.40653,110.67546
9.47371,2.71961
6.02916
3.92524
113.73717,151.90672
8.88841,8.36858
5.52434
7.64945
175.76454,121.74410
8.43190,3.89643
3.50204
1.53176
127.47604,151.62390
0.41131,3.43846
3.74013
6.34245
153.81371,128.34335
8.86963,1.86183
3.62103
8.93658
