10
165.17019,133.45058
9.46214,3.39556
5.17536
8.05621
173.57318,138.73033
4.84439,0.22450
2.54047
2.76969
184.13299,184.53082
2.12009,0.26206
8.60143
9.16134
114.89451,122.86100
5.02484,7.43611
9.19215
2.68806
78.59449,248.15614
-35.11547,8.65070
41.33151
54.34667
112.82294,185.23794
8.96558,7.43491
2.96077
5.66522
128.82486,148.60177
4.46878,0.43047
7.39928
5.14686
126.87590,118.52054
4.31697,8.85137
6.45335
9.82653
142.91526,123.66646
1.62020,1.52707
2.40507
8.19556
156.76905,183.77719
0.95425,2.70431
5.79556
2.03955
157.87047,142.64287
6.50506,4.10517
1.08757
1.63639
176.49837,160.37429
8.33487,9.70385
9.12336
3.48734
127.26045,139.70824
1.62946,1.08807
6.56985
9.46787
125.61627,420.74779
-22.28639,-18.26596
38.61562
39.64618
168.55127,115.60742
2.76233,8.22645
7.44610
7.72139
