9
284.71370,307.52452
-17.40926,-5.44657
1.51724
81.36874
125.81057,145.69154
0.27900,1.44304
4.64114
7.86388
159.69590,191.04187
0.19197,2.59376
6.39642
2.62399
180.08278,130.80127
5.10917,2.05388
8.34713
4.00600
112.17680,189.22259
6.04577,2.45985
4.01731
7.74614
154.85656,152.78401
6.97344,8.63518
2.24999
1.19266
174.16528,177.74608
2.88666,4.71266
8.57152
6.52068
160.13301,129.51149
4.26519,8.04060
2.91560
1.93143
174.88101,116.72806
9.02271,7.97303
4.25764
9.76374
487.05781,305.95066
2.10536,-4.58601
54.20065
89.07880
108.59786,161.58961
8.70294,8.74142
8.02634
2.22073
