10
190.18958,180.96333
5.62259,2.52078
5.53615
2.20502
132.67460,137.20573
3.16909,5.49746
9.61241
7.46567
192.24990,140.96513
9.73672,8.63896
9.40725
1.11945
180.73518,183.54937
4.12385,3.26263
8.06856
3.73073
157.43869,147.81177
2.45867,3.84715
5.91791
2.06104
25.24452,118.27744
4.58641,23.57713
58.93843
42.42453
181.34647,127.76706
0.35363,5.27630
1.54399
3.53958
190.19694,136.69217
8.63703,8.76694
6.49779
4.64309
142.12614,154.86836
4.89435,7.71706
1.31436
8.11485
107.04283,172.48511
1.70224,9.66905
4.61829
1.56710
135.76932,112.21694
5.64846,1.09681
1.00226
5.58682
152.66506,161.60355
9.67037,1.51809
4.85397
8.43063
117.77361,125.44581
5.38793,3.14037
6.45924
3.86200
