8
114.91651,124.16247
0.28272,0.33819
3.56455
6.64258
140.68932,160.06358
8.75324,1.46579
4.98217
5.01073
121.52388,131.65999
8.23262,1.42786
5.03210
9.17668
189.99679,152.59155
8.13068,0.82234
6.86887
9.51727
171.01825,166.32000
6.03728,7.90372
5.45370
7.09762
159.62816,159.92675
6.00999,7.10901
1.64599
4.09828
124.34947,158.85627
5.46012,3.82120
9.15385
4.48100
371.03687,315.67978
6.68756,38.55414
54.71217
54.81824
69.87248,132.57331
-21.84409,-18.86638
14.02701
19.35671
126.48622,153.61628
7.60629,1.30706
6.84023
9.20878
211.27791,438.70655
-12.68208,-38.07757
9.02393
37.94156
137.64113,142.84378
0.99270,4.41028
6.79783
9.37340
130.23534,160.82386
2.66795,2.22579
1.66202
9.35331
116.18432,135.16658
2.39676,9.63466
3.34409
9.42587
152.65294,137.00276
9.68484,9.11198
5.78286
5.83407
