10
151.81307,141.46339
9.94026,2.42805
3.61732
8.85835
102.14612,65.02934
-25.12937,35.45246
63.21133
59.37830
177.69573,133.62606
3.26145,9.01139
7.73658
6.87754
363.01873,103.39064
-34.71875,-24.85401
72.95540
94.45059
140.88746,127.16484
2.06105,7.19004
4.10662
8.16817
158.82109,119.32482
9.29067,0.01017
5.62823
5.86405
142.43971,144.01527
5.59030,9.07349
8.70312
8.03243
106.19550,123.70072
8.41947,8.31769
9.80486
3.29896
116.58497,171.35391
9.29286,2.48260
5.31483
6.15091
192.31051,113.74494
4.45427,5.33648
6.51875
3.47243
111.77289,141.89015
1.13633,3.49107
7.06977
6.29512
113.87381,164.23243
5.81296,4.67508
2.90543
1.37612
181.57503,180.91284
1.61998,4.38374
8.09668
2.06931
