10
161.16351,128.53956
7.28689,8.76540
4.34516
3.50018
179.49191,120.33122
1.03525,8.44469
9.17954
5.54002
479.30784,386.29290
16.06083,10.14157
55.74043
43.67633
128.13920,135.94712
7.87619,6.28493
7.27315
6.29683
159.98645,167.92235
5.47194,3.05946
7.47777
3.39576
173.80498,192.04330
1.00805,5.85350
4.62543
7.14996
148.99447,144.75957
8.69874,2.60473
5.53804
2.29689
180.70905,115.17129
2.13157,2.19525
8.43590
9.89842
148.85355,146.61889
0.29574,6.57105
6.11841
8.01177
144.83377,147.37486
7.91314,4.28396
5.79046
4.47898
145.99670,138.09541
5.34911,6.52980
2.07360
1.53533
170.56180,152.59423
3.78700,0.30518
5.39051
8.43260
148.98469,125.68204
6.05153,7.76696
5.88997
1.84373
175.41844,163.81294
0.73627,8.31722
2.46446
6.83824
112.42493,190.69467
5.34556,2.95107
4.18780
3.25221
