6
114.30547,179.83899
9.89563,2.16514
9.90978
4.80881
152.20376,169.97885
0.52433,7.42027
9.00473
4.11407
168.70883,149.41774
6.66064,2.15547
9.95068
9.54815
129.53774,125.57883
5.78005,0.20374
1.64637
4.64737
398.44752,145.47446
-31.65878,-7.24701
25.31345
72.83889
128.37225,126.22351
2.45085,5.85649
5.52674
6.48170
161.31656,169.62924
7.80508,7.28769
7.20236
5.73953
183.85688,171.09762
5.31757,4.99980
8.04699
5.18891
438.55814,421.83997
26.54314,17.00566
67.31443
80.04788
106.57704,192.40361
4.78923,4.43662
2.05030
4.79140
