8
164.74012,182.37055
2.97138,2.55532
9.00394
7.09926
163.31584,109.64958
8.53718,2.01459
3.42704
3.48497
139.21829,112.91623
6.24114,1.68030
1.73982
5.74195
281.39371,246.36949
37.89294,-35.56316
82.14232
13.32081
171.59590,129.99507
5.25494,7.74099
5.29219
3.30978
141.82167,143.01796
9.70211,6.38042
5.64356
2.84324
136.32761,160.92343
-34.23018,-32.26773
52.60373
70.37397
129.65970,113.80386
0.74739,8.37926
3.29021
1.98554
108.58038,135.93419
0.67924,9.43885
9.28819
5.96554
165.73634,112.15703
2.45491,8.34656
4.09278
8.33980
166.42546,191.69034
0.75699,4.21266
4.33851
6.72153
170.51804,163.44368
2.69629,1.17826
7.06431
8.02920
