10
196.23169,164.07349
5.12359,4.71847
4.26695
3.03348
127.92602,132.89273
2.86728,1.31819
7.85801
6.34113
149.48551,107.48853
1.88456,1.04794
4.87239
6.92001
112.07750,163.11130
8.91149,1.19902
3.48364
7.31439
188.02677,112.12291
0.72769,4.32853
6.30830
4.20494
189.94576,111.51310
8.42356,9.18955
7.62756
1.15874
184.64458,177.15700
2.11820,6.77701
9.43311
3.89245
108.29269,161.67994
2.76845,7.44448
3.80905
1.13009
245.53372,49.95476
-0.73224,24.73866
98.42658
15.15898
111.07297,176.54685
2.95977,7.61210
5.44541
6.45335
116.49307,116.16565
4.04745,1.07470
8.05996
6.18225
128.29523,124.34240
1.57395,0.43127
7.32266
7.30117
186.30415,166.44110
2.00982,7.28517
7.18587
5.58793
159.20901,134.37783
1.41806,1.18409
4.76360
7.73074
124.14817,184.80882
0.76136,1.62776
9.92469
1.44551
