7
191.39014,165.14480
6.70103,0.22213
8.70197
2.84444
108.36723,166.24774
7.41395,9.80802
4.71539
6.55274
155.42057,119.32095
8.67113,8.51363
7.33368
5.67123
116.82475,169.85538
2.40379,1.18044
9.33368
7.92890
135.32659,185.08368
8.38265,1.49273
1.62462
1.48477
162.27092,138.83764
1.42368,5.59652
4.39200
3.88026
170.63815,230.24890
6.22850,-38.69062
60.58258
84.89963
181.71778,112.09728
9.69349,4.09557
6.38410
6.00315
223.70606,381.95266
-20.70179,-31.64565
10.57728
67.68087
45.90388,377.92807
-3.27453,-2.21586
78.48360
78.14916
123.02910,158.14532
9.11224,6.55619
1.15032
9.75452
