8
176.05101,108.27716
7.63838,1.09180
4.31612
7.54864
176.16828,177.38303
4.05700,0.15995
5.81836
3.47825
189.88529,164.64934
2.47361,6.07877
1.77596
8.93363
184.90943,190.75840
7.27876,4.35614
6.19727
5.79236
236.00123,453.03458
-27.23831,-22.78423
61.31174
29.01795
82.29362,13.07495
20.85398,3.62543
15.62150
7.46016
375.39746,485.09729
18.63783,-35.78637
31.92828
51.60335
183.77700,142.27610
9.83382,8.76945
6.41621
9.81357
186.06909,178.20886
0.28364,9.85119
7.03451
3.68643
145.46528,158.94200
2.92450,0.00150
5.39033
2.54436
151.49946,195.15087
1.34951,1.64776
4.40216
2.08678
