10
127.63241,184.06175
3.05340,6.22083
4.30060
1.65629
184.22091,163.58197
4.21129,6.09015
8.23808
1.19104
154.33071,157.16842
0.02136,7.29727
3.07331
6.30442
110.17654,131.30366
6.84588,0.28453
5.92561
6.07489
113.29063,169.69629
7.29469,4.95632
1.09959
2.56089
139.38514,113.98642
7.91310,0.49567
3.08072
5.38079
306.68242,493.48065
-7.15103,-16.81043
34.55554
80.77458
123.75605,158.84700
7.68042,4.83912
1.23580
3.84008
105.61332,112.70441
8.25159,0.65700
4.31418
1.09611
177.74439,148.87197
9.48682,3.02108
8.24872
8.10797
213.42494,380.71791
35.65167,6.27391
83.90748
55.37074
159.10646,75.37434
-34.38867,1.95041
80.21346
89.36738
154.19352,130.22437
6.11159,8.64724
7.62701
9.23212
