8
180.41708,192.33071
8.32436,3.35831
7.01348
4.02860
171.81047,141.27764
1.19985,5.06649
6.24869
8.77830
118.89861,149.67075
4.63586,5.13614
5.97848
7.51897
147.62501,167.41223
7.71000,5.79112
2.62205
6.10314
469.80201,420.90012
16.71486,-4.61738
38.39435
41.61623
194.09373,161.77336
8.39093,1.61703
6.81608
4.64304
144.23749,179.86554
7.59919,5.13435
9.40922
8.23573
128.36219,169.93602
2.31101,1.76137
4.19776
8.19213
140.28418,173.63159
5.23724,8.43361
5.90156
1.55523
165.05519,156.95966
2.86593,1.99955
6.43815
1.60862
