9
135.31306,121.27575
0.72008,1.78497
8.26324
3.33911
131.87508,148.29154
3.38449,9.26647
4.14441
9.33150
140.62416,162.70328
9.79765,3.98871
6.32355
8.69420
470.51179,134.31763
18.77670,5.69268
93.01976
19.20125
112.48885,138.88518
5.79729,5.94369
2.54036
5.22361
147.80191,460.16093
27.72669,-7.70306
54.30535
21.11118
139.88979,163.84038
4.04273,1.20167
4.40272
5.34395
160.86130,174.64869
0.70846,6.18927
3.54367
4.51395
175.37541,191.87916
2.25248,9.43171
4.84994
7.04458
143.39928,153.40307
7.42293,7.72564
1.84459
7.99895
124.64712,130.31202
6.91510,4.95486
7.45638
3.60095
103.69170,424.16196
-0.37892,-26.87658
28.71578
2.83437
122.68283,166.55047
3.66130,5.76658
2.09637
4.75846
112.25696,167.69325
7.10362,2.97391
3.55081
6.57463
178.83212,179.39938
2.03078,0.68990
4.52010
6.87926
107.01835,141.49441
7.83206,2.03691
3.18398
3.15760
136.86971,171.96063
8.72547,4.96108
6.31924
9.27825
174.40611,105.73858
7.83667,1.70145
8.06425
5.58404
