9
140.96779,110.08145
8.84600,4.62238
4.75622
7.28702
118.96019,131.89233
7.33077,7.97504
6.21663
5.95869
406.30795,296.59222
32.12368,-20.35230
96.55227
96.28199
137.94055,195.98728
29.83492,27.76740
96.27245
98.76794
131.84252,156.58039
2.57086,9.00358
1.08630
3.71655
111.07109,119.83867
2.51766,7.93253
2.66184
8.97384
190.95784,125.21230
3.49650,7.43186
5.14662
1.14466
176.08377,131.13711
9.70113,7.08133
7.31637
9.08289
118.30973,118.64672
9.09909,1.72934
9.85366
9.99496
121.33985,158.24612
7.17502,1.01358
4.16438
7.13510
107.27998,179.86353
7.32591,6.90416
3.55430
2.24413
120.70177,178.78781
7.77502,6.84365
1.56466
7.75987
153.99203,151.20473
7.73147,6.57620
7.88690
7.55544
123.81919,178.69622
1.55083,0.40955
3.33983
5.23453
121.56940,182.95137
8.36602,3.52317
4.02213
7.37349
113.76839,173.67842
6.72593,9.57870
3.81666
6.41305
182.86222,112.10332
4.04911,2.57599
5.18177
2.00292
