10
192.74052,173.46138
1.72553,3.20156
6.25802
5.91458
195.47911,165.94895
8.49177,0.44626
9.09569
4.08310
109.10051,150.75806
6.40748,9.41656
4.66859
9.06982
135.99233,154.02149
2.00468,1.08264
8.36786
6.58491
177.30115,148.02071
5.28018,9.32370
7.09959
7.59817
194.71359,189.68694
9.04430,9.18010
3.26733
1.68833
169.27243,184.93733
6.12469,3.35085
5.75676
4.94336
173.41474,120.37565
9.21980,8.04830
9.94201
2.64029
114.48592,164.33217
1.33291,6.88061
1.97383
3.60042
112.72508,140.79907
4.30443,9.12212
5.20929
8.82954
188.34621,118.53169
5.57975,9.76795
9.93623
9.66242
186.89209,184.53976
2.52133,6.82725
6.66904
7.94664
183.46168,139.08355
4.79791,5.43355
3.15725
5.22426
115.45648,145.19269
6.25323,7.57500
4.65741
3.84991
121.40748,175.91597
0.16889,7.71227
5.93597
5.39271
