9
57.09088,81.86923
12.36372,-31.50576
74.87834
85.75855
165.96891,182.32538
5.42111,5.81277
3.79280
9.90211
160.19640,150.53071
6.90539,3.83446
5.37111
7.76098
157.69165,184.10449
4.46502,5.30851
8.81772
8.32213
144.54347,132.22724
8.74725,8.78492
9.35889
9.25768
131.57044,105.63643
4.50400,3.05205
6.64835
5.49980
181.39540,124.10846
3.91206,4.95253
8.56093
2.04714
135.06614,103.31967
0.46449,9.77484
4.59411
1.14630
153.68931,175.41841
5.40175,0.69142
7.74087
3.78065
190.45752,152.67576
3.00824,9.89611
3.64565
3.23279
135.87313,152.56470
3.48912,5.23863
4.31219
4.02797
126.43080,166.46595
0.83794,7.41483
2.67317
1.26853
