10
128.86615,133.24362
7.45977,8.67915
4.77024
6.87583
112.97468,194.64731
1.14019,8.70275
8.24142
2.21855
133.37593,181.08640
2.27553,8.47539
7.01451
6.23678
142.70448,155.11357
8.75470,6.49185
7.78329
7.44453
181.52607,116.98733
9.52756,7.42689
4.75582
7.38754
135.55574,75.39447
34.36542,-27.06219
86.79942
45.50561
175.33095,108.63576
1.19671,5.17440
9.31644
7.93762
174.80679,167.37347
4.54949,8.31494
9.72217
1.87041
173.35143,188.02670
1.33711,6.11123
9.92453
1.42015
324.62100,23.58244
-6.34344,18.98642
96.52026
5.61950
363.32435,430.55712
-5.02801,-15.47894
55.73153
10.30294
172.48829,112.71150
8.04251,9.09434
7.17335
8.38132
161.17302,177.31694
5.97982,9.04228
5.24849
1.45861
114.08961,192.23567
3.41559,9.14545
8.34364
7.52445
153.57582,162.75941
7.78742,9.09774
6.01869
8.77339
172.94653,165.21457
7.10266,3.85219
9.22588
3.30735
141.87898,179.44171
8.26869,1.65193
9.67318
7.50859
123.43866,108.72917
9.47604,5.61160
1.12969
2.03249
168.76382,114.76883
6.02949,4.52148
1.50256
9.57054
173.09190,113.39657
0.67030,9.81232
1.07618
4.54614
71.20195,478.61114
3.14122,-8.28946
41.44784
26.57343
126.29796,118.91054
7.49487,5.52283
9.17867
6.32682
