9
162.97787,172.22204
8.97522,3.63157
5.07638
8.67423
147.00141,124.45338
1.15263,9.41354
6.78652
4.41717
380.12002,356.51959
15.12298,-20.64752
6.47980
35.19983
116.63375,154.52619
5.30888,9.93325
1.18070
5.96772
149.93747,182.27801
4.13662,1.14622
2.50141
6.87365
143.18186,146.61081
6.48183,8.72848
5.85870
5.41232
122.09714,161.10643
8.11927,1.34477
6.73379
4.86497
156.27784,126.41531
-26.59074,-30.46544
51.24613
55.20653
158.55345,107.82668
7.88921,5.88780
7.24370
6.75118
109.29453,116.46028
5.02451,3.56707
8.40253
2.08524
149.96840,134.26342
0.98063,2.50488
5.07109
4.63991
146.94868,131.06198
2.48919,3.50691
5.36985
7.06554
133.67574,175.31848
7.42927,5.10952
9.43203
9.35834
