9
425.84332,170.52098
37.37968,28.45813
40.35978
59.99515
130.31212,196.27302
2.54606,6.09466
2.25378
3.68610
172.08790,145.41135
6.42498,1.79733
6.60687
3.61798
108.77236,103.63973
5.94403,1.44426
7.03590
3.21335
163.10470,167.73942
7.37964,9.73014
4.48305
8.18694
165.68371,151.08853
8.14260,6.98117
2.42552
5.27158
135.29547,157.69027
6.10177,2.77733
5.52507
3.99583
154.30105,176.53241
0.58838,8.76025
8.10163
3.38337
134.81871,154.44281
7.06317,5.42387
7.33566
2.23693
186.93480,103.34895
5.20635,7.52204
5.34576
2.08693
177.28959,141.24813
5.14636,3.77787
1.60100
5.61851
152.36708,146.88177
6.29339,5.13196
9.10193
5.58506
190.32894,188.73207
4.09672,4.90507
9.57770
9.66813
