10
126.02777,180.87869
9.85969,3.00244
9.99523
2.85495
128.09456,114.99259
9.97926,5.97563
9.65474
7.78996
85.87803,481.07453
-22.41602,0.55810
49.71862
79.04213
169.56346,116.28505
4.29156,7.32374
2.86098
6.86148
152.18695,191.48971
2.77830,8.74998
1.14474
6.72221
108.97872,107.84808
9.84261,1.45391
1.46897
3.84169
148.59171,141.05433
5.02983,0.75530
4.73022
8.53683
114.57716,163.90715
4.13129,5.80595
3.12859
7.07897
146.15126,186.53150
2.44166,8.07237
5.68545
8.88542
121.15314,115.21472
4.06350,8.23068
2.30505
7.25195
3.88336,405.40807
-1.15015,37.63859
46.46241
79.06024
112.26220,168.21521
4.52352,9.33168
9.19153
2.75452
112.12904,108.36706
3.28947,7.44985
1.82039
7.11117
358.28030,294.89857
-1.75567,-27.30423
33.36714
67.47135
188.09415,133.03438
9.02100,3.56717
1.68608
8.52028
160.44967,194.77390
5.08685,9.31108
1.09462
2.55656
123.97302,117.47638
9.02338,1.98656
7.98911
9.87539
171.06905,125.42880
2.02095,9.54588
3.00696
8.10206
167.68717,188.84391
8.33163,8.95648
6.90015
1.43620
153.03860,158.42187
2.80868,9.14331
8.56399
5.89294
