9
415.18780,268.19021
-33.68896,-30.74695
33.05313
33.96330
189.66052,179.82093
8.39036,2.40741
5.51178
8.11732
154.87967,163.37239
2.62034,7.74884
6.59452
9.67500
113.96267,116.06278
5.24541,6.14896
1.24397
8.08959
73.19973,431.25058
17.99480,24.67429
85.66716
51.04793
149.73619,128.13694
3.31290,3.00928
5.32878
7.45540
147.72430,158.30722
8.58826,2.53718
3.81194
2.91683
111.08711,126.41934
1.17393,2.85708
3.84314
1.60397
325.04978,267.64565
33.64711,-36.58697
98.89623
11.64192
135.18215,150.36487
7.05197,4.34583
2.85337
8.72691
178.47727,179.10064
5.34886,9.99870
7.50181
9.08186
144.71261,186.15924
1.95582,3.96907
4.57138
9.20158
116.61180,157.70586
4.45501,6.41802
4.80636
7.35826
170.28622,183.00941
0.49077,4.81085
6.92135
9.62869
