7
156.00891,169.08961
2.48648,8.95451
5.98712
9.41243
285.78178,236.76076
18.73849,-29.27644
50.06438
66.18893
185.40036,131.00135
8.14464,1.03778
2.86112
3.69153
175.72032,117.16669
4.69968,1.01551
8.23021
9.43478
134.90770,123.28763
0.80115,0.91804
2.92058
7.50560
416.08013,117.54077
35.94109,-38.13809
79.46505
14.67958
329.52944,280.86852
-0.98180,-23.77903
88.89316
77.16284
122.55793,172.38066
7.68098,9.89183
4.32772
7.29353
175.63146,123.02051
2.21936,1.94738
3.71087
9.44178
114.17596,189.00611
3.06502,1.78282
4.47167
2.70268
134.88125,120.73897
6.55725,8.33397
9.84921
9.64101
156.39306,164.98524
2.14074,3.23147
8.06534
4.77442
154.66720,178.03527
9.19416,7.55629
8.52942
3.95099
115.84782,135.24518
1.06922,5.76116
6.90148
9.69614
