7
286.91821,147.36019
39.72035,2.03116
68.47629
47.96998
171.24469,429.63329
33.42614,7.31885
36.07023
58.29819
102.51256,166.93725
9.55785,4.66357
3.08100
2.26066
128.34072,170.41396
7.78263,8.82717
9.97085
9.14678
106.09768,156.84228
7.12193,5.78309
5.73749
3.86488
159.60908,110.46197
1.87231,6.14570
9.97578
8.73749
295.67931,193.92368
-11.20669,23.10349
69.00469
88.35117
71.51725,355.28842
10.01618,-35.17244
92.42279
92.96234
155.73853,178.53851
3.66718,4.79192
6.53982
8.92703
124.74875,172.37978
2.77070,5.75214
9.43953
5.87983
161.48963,149.46953
5.30132,2.17015
1.22261
3.37683
116.14139,148.55957
0.97326,9.59992
7.15031
3.42021
