7
343.03583,325.36019
-2.33367,36.73638
52.85802
72.84177
258.14784,408.13271
1.15141,35.83527
39.26269
3.52248
212.40600,277.91931
6.90420,-28.73172
35.57748
27.09791
111.08509,160.10661
6.33571,4.46067
1.87187
9.47421
190.20587,142.13197
4.11042,2.27843
7.30597
4.61210
168.02179,167.98420
3.57995,4.49931
2.44333
7.34789
121.98631,142.19482
1.68044,1.84563
5.88840
6.10463
194.26407,114.02913
2.94404,6.42198
7.69406
2.85818
151.24670,180.20396
9.99809,2.28825
1.80475
5.01431
178.37820,181.46920
5.02707,5.11037
3.71537
7.53042
