10
184.05245,149.66043
2.84857,9.54877
2.30507
9.32162
139.58210,146.34061
0.12284,1.10274
8.80485
7.34752
108.59023,157.08394
2.70523,6.03795
7.42631
5.83377
106.84020,170.91293
1.30552,7.69150
9.17803
6.54691
138.94685,184.45865
4.65257,1.05509
4.39807
5.04300
156.25098,105.30952
5.18668,2.67386
8.28261
2.16282
178.23997,181.46556
3.59680,8.66685
1.81365
2.83308
155.89105,122.09566
5.62662,8.54063
4.71302
5.99372
182.40667,123.23221
8.57963,6.10130
2.00859
2.89478
167.35373,148.38797
7.26837,4.67986
6.85438
8.51704
121.35622,167.91975
4.90528,9.89066
2.38457
5.13034
