9
163.85963,118.11317
9.36819,6.53004
4.89164
8.89786
153.99912,133.30597
2.39623,8.42248
1.06916
5.69899
128.75546,165.89586
7.56143,6.89048
3.54615
3.92957
117.39872,158.85483
8.22345,7.93798
2.48054
8.89715
192.28273,172.65843
8.79880,8.41527
6.75269
7.04708
187.79284,154.98304
6.92465,4.48687
7.35742
8.92712
173.60386,161.41178
5.90735,7.25797
6.54447
8.50251
155.67535,140.65534
3.25662,1.17145
8.63524
8.08440
163.28122,148.38874
0.94249,2.21779
7.70242
1.41899
127.98514,107.92262
9.39716,7.06136
8.31586
7.13671
158.84663,133.79901
0.19515,8.07289
5.42513
7.00201
128.21839,105.12231
4.28343,2.58542
9.04693
3.16527
191.08613,146.55145
8.10671,4.35069
8.70482
4.40819
138.02714,106.89819
3.21882,0.52303
8.68816
6.12587
177.13661,151.70650
7.69635,5.87297
6.06372
1.67782
