10
141.08645,177.76516
4.93399,4.43153
4.97573
7.10011
134.24789,171.86854
1.57048,2.42516
7.56160
6.49906
185.03256,164.65111
1.93250,8.95580
7.24374
5.84956
196.47711,193.18909
7.01085,5.21965
4.72958
2.25729
131.05176,126.71973
3.91481,9.53929
4.12308
3.45284
156.87433,137.40250
4.62704,5.02477
4.29021
5.61336
140.85422,164.23577
4.03968,0.54103
8.38167
1.83013
177.28180,121.19599
5.08524,4.09271
1.65658
8.08186
116.99405,126.91989
9.88153,6.45664
9.11080
1.40488
160.45333,137.71777
7.42182,0.60655
9.71045
3.28427
185.65385,169.22047
7.56388,1.35003
2.57199
3.99437
168.22141,164.38046
3.16115,2.19189
6.26022
7.91009
139.04846,128.82254
0.17239,7.01527
3.77751
6.30482
138.00985,489.27587
16.83280,-38.66204
35.43376
20.56831
126.29578,179.70958
3.28584,8.38260
5.38569
4.78380
