9
198.42311,139.81704
8.98766,9.61381
7.11817
1.42099
221.27464,61.95802
-32.52573,14.35206
47.87414
81.32477
112.42722,158.62563
3.65455,4.66877
8.86048
6.01887
174.64514,178.41461
5.87404,6.90131
2.62583
9.33589
130.07449,125.77664
6.78898,5.65303
1.95632
6.23204
152.71523,111.43772
3.96344,0.09929
5.75720
5.66113
190.78649,185.66118
2.00663,4.77176
2.92601
6.75289
118.07617,133.68333
7.80929,6.87665
8.28681
8.37723
105.38131,165.89025
9.10126,8.95335
8.26147
4.72131
107.58762,169.00019
5.03675,4.28046
1.83041
5.61933
148.69096,141.16478
9.15814,1.21926
7.60143
7.46637
139.47746,226.82596
-9.40492,33.01821
96.27630
68.40437
164.51270,173.10113
8.83634,2.23730
1.08771
4.35247
180.98531,135.99731
0.96056,5.67686
5.99138
5.89401
160.92598,133.82226
4.66411,9.20282
7.16103
2.57293
