simon BZyCPjDh
2
24
241
2410
24101
241014
2410144
24101443
241014436
2410144364
24101443644
241014436442
2410144364426
24101443644264
241014436442642
2410144364426423
24101443644264236
241014436442642361
2410144364426423614
24101443644264236146
241014436442642361463
2410144364426423614636
24101443644264236146360
241014436442642361463603
2410144364426423614636036
24101443644264236146360360
241014436442642361463603603
2410144364426423614636036034
24101443644264236146360360345
241014436442642361463603603456
2410144364426423614636036034565
24101443644264236146360360345656
241014436442642361463603603456560
2410144364426423614636036034565601
24101443644264236146360360345656015
241014436442642361463603603456560155
2410144364426423614636036034565601553
24101443644264236146360360345656015533
241014436442642361463603603456560155335
2410144364426423614636036034565601553351
24101443644264236146360360345656015533512
241014436442642361463603603456560155335121
2410144364426423614636036034565601553351212
24101443644264236146360360345656015533512120
241014436442642361463603603456560155335121202
2410144364426423614636036034565601553351212023
24101443644264236146360360345656015533512120232
241014436442642361463603603456560155335121202321
2410144364426423614636036034565601553351212023214
24101443644264236146360360345656015533512120232145
241014436442642361463603603456560155335121202321452
2410144364426423614636036034565601553351212023214526
24101443644264236146360360345656015533512120232145266
241014436442642361463603603456560155335121202321452666
2410144364426423614636036034565601553351212023214526666
24101443644264236146360360345656015533512120232145266665
241014436442642361463603603456560155335121202321452666655
2410144364426423614636036034565601553351212023214526666553
24101443644264236146360360345656015533512120232145266665532
241014436442642361463603603456560155335121202321452666655320
2410144364426423614636036034565601553351212023214526666553201
24101443644264236146360360345656015533512120232145266665532014
241014436442642361463603603456560155335121202321452666655320142
2410144364426423614636036034565601553351212023214526666553201425
24101443644264236146360360345656015533512120232145266665532014253
241014436442642361463603603456560155335121202321452666655320142533
2410144364426423614636036034565601553351212023214526666553201425332
24101443644264236146360360345656015533512120232145266665532014253322
241014436442642361463603603456560155335121202321452666655320142533221
2410144364426423614636036034565601553351212023214526666553201425332213
24101443644264236146360360345656015533512120232145266665532014253322131
241014436442642361463603603456560155335121202321452666655320142533221311
2410144364426423614636036034565601553351212023214526666553201425332213110
24101443644264236146360360345656015533512120232145266665532014253322131106
241014436442642361463603603456560155335121202321452666655320142533221311066
2410144364426423614636036034565601553351212023214526666553201425332213110666
24101443644264236146360360345656015533512120232145266665532014253322131106661
241014436442642361463603603456560155335121202321452666655320142533221311066612
2410144364426423614636036034565601553351212023214526666553201425332213110666124
24101443644264236146360360345656015533512120232145266665532014253322131106661246
241014436442642361463603603456560155335121202321452666655320142533221311066612461
2410144364426423614636036034565601553351212023214526666553201425332213110666124614
24101443644264236146360360345656015533512120232145266665532014253322131106661246143
241014436442642361463603603456560155335121202321452666655320142533221311066612461430
2410144364426423614636036034565601553351212023214526666553201425332213110666124614304
24101443644264236146360360345656015533512120232145266665532014253322131106661246143041
241014436442642361463603603456560155335121202321452666655320142533221311066612461430413
2410144364426423614636036034565601553351212023214526666553201425332213110666124614304136
24101443644264236146360360345656015533512120232145266665532014253322131106661246143041366
241014436442642361463603603456560155335121202321452666655320142533221311066612461430413664
2410144364426423614636036034565601553351212023214526666553201425332213110666124614304136641
24101443644264236146360360345656015533512120232145266665532014253322131106661246143041366411
241014436442642361463603603456560155335121202321452666655320142533221311066612461430413664112
2410144364426423614636036034565601553351212023214526666553201425332213110666124614304136641125
24101443644264236146360360345656015533512120232145266665532014253322131106661246143041366411252
241014436442642361463603603456560155335121202321452666655320142533221311066612461430413664112521
2410144364426423614636036034565601553351212023214526666553201425332213110666124614304136641125211
24101443644264236146360360345656015533512120232145266665532014253322131106661246143041366411252111
241014436442642361463603603456560155335121202321452666655320142533221311066612461430413664112521110
2410144364426423614636036034565601553351212023214526666553201425332213110666124614304136641125211104
n
exit
