?
sort 51
-84060
-12889
-26775
85811
42239
78401
59155
-11716
37628
77236
-28609
-98307
12885
86813
-82589
77784
90233
26657
-28629
-65246
95972
-10778
46983
47512
-3277
-44960
-65444
53767
-62013
7113
-28276
23668
86259
-30114
-21230
90643
-11997
-62269
3325
-23016
95004
-66066
-85727
-51365
99389
56991
20127
-89460
-26731
-3674
-37151
?
sort 27
-92824
-93599
42658
2637
64216
9459
-74560
76135
23263
54717
-16010
29712
1771
-88947
22766
-64695
54682
68125
-62985
-22191
36943
-95628
13848
-20563
-29199
72041
26124
sort 0
exit
