simon HaFULbDo
4
45
456
4563
45636
456360
4563600
45636005
456360053
4563600532
45636005322
456360053221
4563600532211
45636005322114
456360053221141
4563600532211413
45636005322114133
456360053221141335
4563600532211413353
45636005322114133533
456360053221141335334
4563600532211413353346
45636005322114133533466
456360053221141335334666
4563600532211413353346660
45636005322114133533466600
456360053221141335334666000
4563600532211413353346660002
45636005322114133533466600025
456360053221141335334666000251
4563600532211413353346660002513
45636005322114133533466600025136
456360053221141335334666000251362
4563600532211413353346660002513626
45636005322114133533466600025136262
456360053221141335334666000251362626
4563600532211413353346660002513626260
45636005322114133533466600025136262605
456360053221141335334666000251362626050
4563600532211413353346660002513626260504
45636005322114133533466600025136262605040
456360053221141335334666000251362626050402
4563600532211413353346660002513626260504025
45636005322114133533466600025136262605040255
456360053221141335334666000251362626050402553
4563600532211413353346660002513626260504025531
45636005322114133533466600025136262605040255316
456360053221141335334666000251362626050402553163
4563600532211413353346660002513626260504025531636
45636005322114133533466600025136262605040255316364
456360053221141335334666000251362626050402553163640
4563600532211413353346660002513626260504025531636406
45636005322114133533466600025136262605040255316364065
456360053221141335334666000251362626050402553163640656
4563600532211413353346660002513626260504025531636406566
45636005322114133533466600025136262605040255316364065662
456360053221141335334666000251362626050402553163640656626
4563600532211413353346660002513626260504025531636406566266
45636005322114133533466600025136262605040255316364065662661
456360053221141335334666000251362626050402553163640656626610
4563600532211413353346660002513626260504025531636406566266106
45636005322114133533466600025136262605040255316364065662661065
456360053221141335334666000251362626050402553163640656626610655
4563600532211413353346660002513626260504025531636406566266106554
45636005322114133533466600025136262605040255316364065662661065546
456360053221141335334666000251362626050402553163640656626610655465
4563600532211413353346660002513626260504025531636406566266106554652
45636005322114133533466600025136262605040255316364065662661065546524
456360053221141335334666000251362626050402553163640656626610655465246
4563600532211413353346660002513626260504025531636406566266106554652466
45636005322114133533466600025136262605040255316364065662661065546524666
456360053221141335334666000251362626050402553163640656626610655465246666
4563600532211413353346660002513626260504025531636406566266106554652466663
45636005322114133533466600025136262605040255316364065662661065546524666633
456360053221141335334666000251362626050402553163640656626610655465246666330
4563600532211413353346660002513626260504025531636406566266106554652466663303
45636005322114133533466600025136262605040255316364065662661065546524666633036
456360053221141335334666000251362626050402553163640656626610655465246666330362
4563600532211413353346660002513626260504025531636406566266106554652466663303623
45636005322114133533466600025136262605040255316364065662661065546524666633036233
456360053221141335334666000251362626050402553163640656626610655465246666330362332
4563600532211413353346660002513626260504025531636406566266106554652466663303623320
45636005322114133533466600025136262605040255316364065662661065546524666633036233200
456360053221141335334666000251362626050402553163640656626610655465246666330362332002
4563600532211413353346660002513626260504025531636406566266106554652466663303623320025
45636005322114133533466600025136262605040255316364065662661065546524666633036233200250
456360053221141335334666000251362626050402553163640656626610655465246666330362332002501
4563600532211413353346660002513626260504025531636406566266106554652466663303623320025016
45636005322114133533466600025136262605040255316364065662661065546524666633036233200250162
456360053221141335334666000251362626050402553163640656626610655465246666330362332002501624
4563600532211413353346660002513626260504025531636406566266106554652466663303623320025016242
45636005322114133533466600025136262605040255316364065662661065546524666633036233200250162426
456360053221141335334666000251362626050402553163640656626610655465246666330362332002501624265
4563600532211413353346660002513626260504025531636406566266106554652466663303623320025016242652
45636005322114133533466600025136262605040255316364065662661065546524666633036233200250162426526
456360053221141335334666000251362626050402553163640656626610655465246666330362332002501624265260
4563600532211413353346660002513626260504025531636406566266106554652466663303623320025016242652603
45636005322114133533466600025136262605040255316364065662661065546524666633036233200250162426526031
456360053221141335334666000251362626050402553163640656626610655465246666330362332002501624265260310
4563600532211413353346660002513626260504025531636406566266106554652466663303623320025016242652603104
n
simon YdIyncEc
2
26
263
2633
26333
263331
2633314
26333141
263331412
2633314122
26333141220
263331412203
2633314122030
26333141220306
263331412203064
2633314122030645
26333141220306456
263331412203064564
2633314122030645640
26333141220306456400
263331412203064564006
2633314122030645640062
26333141220306456400620
263331412203064564006202
2633314122030645640062023
26333141220306456400620232
263331412203064564006202320
2633314122030645640062023204
26333141220306456400620232042
263331412203064564006202320423
2633314122030645640062023204235
26333141220306456400620232042350
263331412203064564006202320423502
2633314122030645640062023204235022
26333141220306456400620232042350221
263331412203064564006202320423502216
2633314122030645640062023204235022166
26333141220306456400620232042350221662
263331412203064564006202320423502216623
2633314122030645640062023204235022166231
26333141220306456400620232042350221662310
263331412203064564006202320423502216623102
2633314122030645640062023204235022166231022
26333141220306456400620232042350221662310225
263331412203064564006202320423502216623102252
2633314122030645640062023204235022166231022523
26333141220306456400620232042350221662310225233
263331412203064564006202320423502216623102252332
2633314122030645640062023204235022166231022523323
26333141220306456400620232042350221662310225233232
263331412203064564006202320423502216623102252332325
2633314122030645640062023204235022166231022523323256
26333141220306456400620232042350221662310225233232560
263331412203064564006202320423502216623102252332325600
2633314122030645640062023204235022166231022523323256000
26333141220306456400620232042350221662310225233232560005
263331412203064564006202320423502216623102252332325600054
2633314122030645640062023204235022166231022523323256000545
26333141220306456400620232042350221662310225233232560005454
263331412203064564006202320423502216623102252332325600054542
2633314122030645640062023204235022166231022523323256000545426
26333141220306456400620232042350221662310225233232560005454264
263331412203064564006202320423502216623102252332325600054542642
2633314122030645640062023204235022166231022523323256000545426423
26333141220306456400620232042350221662310225233232560005454264230
263331412203064564006202320423502216623102252332325600054542642301
2633314122030645640062023204235022166231022523323256000545426423012
26333141220306456400620232042350221662310225233232560005454264230126
263331412203064564006202320423502216623102252332325600054542642301262
2633314122030645640062023204235022166231022523323256000545426423012625
26333141220306456400620232042350221662310225233232560005454264230126256
263331412203064564006202320423502216623102252332325600054542642301262565
2633314122030645640062023204235022166231022523323256000545426423012625656
26333141220306456400620232042350221662310225233232560005454264230126256565
263331412203064564006202320423502216623102252332325600054542642301262565655
2633314122030645640062023204235022166231022523323256000545426423012625656556
26333141220306456400620232042350221662310225233232560005454264230126256565566
263331412203064564006202320423502216623102252332325600054542642301262565655665
2633314122030645640062023204235022166231022523323256000545426423012625656556653
26333141220306456400620232042350221662310225233232560005454264230126256565566532
263331412203064564006202320423502216623102252332325600054542642301262565655665322
2633314122030645640062023204235022166231022523323256000545426423012625656556653222
26333141220306456400620232042350221662310225233232560005454264230126256565566532226
263331412203064564006202320423502216623102252332325600054542642301262565655665322266
2633314122030645640062023204235022166231022523323256000545426423012625656556653222660
26333141220306456400620232042350221662310225233232560005454264230126256565566532226606
263331412203064564006202320423502216623102252332325600054542642301262565655665322266062
2633314122030645640062023204235022166231022523323256000545426423012625656556653222660623
26333141220306456400620232042350221662310225233232560005454264230126256565566532226606232
263331412203064564006202320423502216623102252332325600054542642301262565655665322266062323
2633314122030645640062023204235022166231022523323256000545426423012625656556653222660623233
26333141220306456400620232042350221662310225233232560005454264230126256565566532226606232330
263331412203064564006202320423502216623102252332325600054542642301262565655665322266062323304
2633314122030645640062023204235022166231022523323256000545426423012625656556653222660623233040
26333141220306456400620232042350221662310225233232560005454264230126256565566532226606232330400
263331412203064564006202320423502216623102252332325600054542642301262565655665322266062323304005
2633314122030645640062023204235022166231022523323256000545426423012625656556653222660623233040050
26333141220306456400620232042350221662310225233232560005454264230126256565566532226606232330400502
263331412203064564006202320423502216623102252332325600054542642301262565655665322266062323304005025
2633314122030645640062023204235022166231022523323256000545426423012625656556653222660623233040050256
n
simon QTjvrDNi
1
14
142
1420
14205
142053
1420535
14205352
142053526
1420535262
14205352621
142053526210
1420535262104
14205352621046
142053526210465
1420535262104652
14205352621046525
142053526210465252
1420535262104652525
14205352621046525253
142053526210465252531
1420535262104652525311
14205352621046525253115
142053526210465252531151
1420535262104652525311515
14205352621046525253115153
142053526210465252531151535
1420535262104652525311515351
14205352621046525253115153512
142053526210465252531151535126
1420535262104652525311515351260
14205352621046525253115153512601
142053526210465252531151535126015
1420535262104652525311515351260153
14205352621046525253115153512601533
142053526210465252531151535126015332
1420535262104652525311515351260153324
14205352621046525253115153512601533246
142053526210465252531151535126015332461
1420535262104652525311515351260153324615
14205352621046525253115153512601533246150
142053526210465252531151535126015332461501
1420535262104652525311515351260153324615012
14205352621046525253115153512601533246150121
142053526210465252531151535126015332461501215
1420535262104652525311515351260153324615012152
14205352621046525253115153512601533246150121522
142053526210465252531151535126015332461501215226
1420535262104652525311515351260153324615012152266
14205352621046525253115153512601533246150121522660
142053526210465252531151535126015332461501215226604
1420535262104652525311515351260153324615012152266045
14205352621046525253115153512601533246150121522660453
142053526210465252531151535126015332461501215226604536
1420535262104652525311515351260153324615012152266045363
14205352621046525253115153512601533246150121522660453630
142053526210465252531151535126015332461501215226604536300
1420535262104652525311515351260153324615012152266045363001
14205352621046525253115153512601533246150121522660453630011
142053526210465252531151535126015332461501215226604536300110
1420535262104652525311515351260153324615012152266045363001104
14205352621046525253115153512601533246150121522660453630011041
142053526210465252531151535126015332461501215226604536300110415
1420535262104652525311515351260153324615012152266045363001104155
14205352621046525253115153512601533246150121522660453630011041551
142053526210465252531151535126015332461501215226604536300110415513
1420535262104652525311515351260153324615012152266045363001104155131
14205352621046525253115153512601533246150121522660453630011041551310
142053526210465252531151535126015332461501215226604536300110415513100
1420535262104652525311515351260153324615012152266045363001104155131002
14205352621046525253115153512601533246150121522660453630011041551310025
142053526210465252531151535126015332461501215226604536300110415513100254
1420535262104652525311515351260153324615012152266045363001104155131002544
14205352621046525253115153512601533246150121522660453630011041551310025445
142053526210465252531151535126015332461501215226604536300110415513100254451
1420535262104652525311515351260153324615012152266045363001104155131002544515
14205352621046525253115153512601533246150121522660453630011041551310025445154
142053526210465252531151535126015332461501215226604536300110415513100254451540
1420535262104652525311515351260153324615012152266045363001104155131002544515405
14205352621046525253115153512601533246150121522660453630011041551310025445154054
142053526210465252531151535126015332461501215226604536300110415513100254451540541
1420535262104652525311515351260153324615012152266045363001104155131002544515405411
14205352621046525253115153512601533246150121522660453630011041551310025445154054114
142053526210465252531151535126015332461501215226604536300110415513100254451540541143
1420535262104652525311515351260153324615012152266045363001104155131002544515405411431
14205352621046525253115153512601533246150121522660453630011041551310025445154054114310
142053526210465252531151535126015332461501215226604536300110415513100254451540541143104
1420535262104652525311515351260153324615012152266045363001104155131002544515405411431043
14205352621046525253115153512601533246150121522660453630011041551310025445154054114310432
142053526210465252531151535126015332461501215226604536300110415513100254451540541143104324
1420535262104652525311515351260153324615012152266045363001104155131002544515405411431043241
14205352621046525253115153512601533246150121522660453630011041551310025445154054114310432412
142053526210465252531151535126015332461501215226604536300110415513100254451540541143104324124
1420535262104652525311515351260153324615012152266045363001104155131002544515405411431043241244
14205352621046525253115153512601533246150121522660453630011041551310025445154054114310432412442
142053526210465252531151535126015332461501215226604536300110415513100254451540541143104324124424
1420535262104652525311515351260153324615012152266045363001104155131002544515405411431043241244240
14205352621046525253115153512601533246150121522660453630011041551310025445154054114310432412442401
142053526210465252531151535126015332461501215226604536300110415513100254451540541143104324124424010
1420535262104652525311515351260153324615012152266045363001104155131002544515405411431043241244240102
n
exit
