simon KcXxAPZW
6
60
600
6000
60006
600066
6000663
60006633
600066330
6000663304
60006633040
600066330404
6000663304041
60006633040410
600066330404106
6000663304041063
60006633040410630
600066330404106304
6000663304041063043
60006633040410630432
600066330404106304324
6000663304041063043244
60006633040410630432446
600066330404106304324461
6000663304041063043244612
60006633040410630432446124
600066330404106304324461242
6000663304041063043244612426
60006633040410630432446124265
600066330404106304324461242653
6000663304041063043244612426530
60006633040410630432446124265302
600066330404106304324461242653026
6000663304041063043244612426530264
60006633040410630432446124265302643
600066330404106304324461242653026433
6000663304041063043244612426530264330
60006633040410630432446124265302643300
600066330404106304324461242653026433005
6000663304041063043244612426530264330051
60006633040410630432446124265302643300515
600066330404106304324461242653026433005154
6000663304041063043244612426530264330051540
60006633040410630432446124265302643300515404
600066330404106304324461242653026433005154046
6000663304041063043244612426530264330051540463
60006633040410630432446124265302643300515404633
600066330404106304324461242653026433005154046332
6000663304041063043244612426530264330051540463326
60006633040410630432446124265302643300515404633266
600066330404106304324461242653026433005154046332661
6000663304041063043244612426530264330051540463326611
60006633040410630432446124265302643300515404633266112
600066330404106304324461242653026433005154046332661121
6000663304041063043244612426530264330051540463326611214
60006633040410630432446124265302643300515404633266112141
600066330404106304324461242653026433005154046332661121413
6000663304041063043244612426530264330051540463326611214132
60006633040410630432446124265302643300515404633266112141322
600066330404106304324461242653026433005154046332661121413225
6000663304041063043244612426530264330051540463326611214132253
60006633040410630432446124265302643300515404633266112141322530
600066330404106304324461242653026433005154046332661121413225303
6000663304041063043244612426530264330051540463326611214132253031
60006633040410630432446124265302643300515404633266112141322530311
600066330404106304324461242653026433005154046332661121413225303112
6000663304041063043244612426530264330051540463326611214132253031122
60006633040410630432446124265302643300515404633266112141322530311226
600066330404106304324461242653026433005154046332661121413225303112263
6000663304041063043244612426530264330051540463326611214132253031122630
60006633040410630432446124265302643300515404633266112141322530311226305
600066330404106304324461242653026433005154046332661121413225303112263056
6000663304041063043244612426530264330051540463326611214132253031122630561
60006633040410630432446124265302643300515404633266112141322530311226305611
600066330404106304324461242653026433005154046332661121413225303112263056114
6000663304041063043244612426530264330051540463326611214132253031122630561140
60006633040410630432446124265302643300515404633266112141322530311226305611405
600066330404106304324461242653026433005154046332661121413225303112263056114054
6000663304041063043244612426530264330051540463326611214132253031122630561140541
60006633040410630432446124265302643300515404633266112141322530311226305611405412
600066330404106304324461242653026433005154046332661121413225303112263056114054125
6000663304041063043244612426530264330051540463326611214132253031122630561140541253
60006633040410630432446124265302643300515404633266112141322530311226305611405412535
600066330404106304324461242653026433005154046332661121413225303112263056114054125350
6000663304041063043244612426530264330051540463326611214132253031122630561140541253504
60006633040410630432446124265302643300515404633266112141322530311226305611405412535040
600066330404106304324461242653026433005154046332661121413225303112263056114054125350405
6000663304041063043244612426530264330051540463326611214132253031122630561140541253504056
60006633040410630432446124265302643300515404633266112141322530311226305611405412535040560
600066330404106304324461242653026433005154046332661121413225303112263056114054125350405606
6000663304041063043244612426530264330051540463326611214132253031122630561140541253504056061
60006633040410630432446124265302643300515404633266112141322530311226305611405412535040560613
600066330404106304324461242653026433005154046332661121413225303112263056114054125350405606135
6000663304041063043244612426530264330051540463326611214132253031122630561140541253504056061355
60006633040410630432446124265302643300515404633266112141322530311226305611405412535040560613555
600066330404106304324461242653026433005154046332661121413225303112263056114054125350405606135553
6000663304041063043244612426530264330051540463326611214132253031122630561140541253504056061355531
60006633040410630432446124265302643300515404633266112141322530311226305611405412535040560613555313
600066330404106304324461242653026433005154046332661121413225303112263056114054125350405606135553130
6000663304041063043244612426530264330051540463326611214132253031122630561140541253504056061355531303
n
simon yyifekRe
2
20
202
2021
20211
202113
2021134
20211345
202113451
2021134512
20211345123
202113451233
2021134512334
20211345123343
202113451233434
2021134512334344
20211345123343444
202113451233434443
2021134512334344433
20211345123343444336
202113451233434443362
2021134512334344433625
20211345123343444336252
202113451233434443362526
2021134512334344433625262
20211345123343444336252626
202113451233434443362526264
2021134512334344433625262645
20211345123343444336252626450
202113451233434443362526264503
2021134512334344433625262645033
20211345123343444336252626450334
202113451233434443362526264503344
2021134512334344433625262645033444
20211345123343444336252626450334440
202113451233434443362526264503344401
2021134512334344433625262645033444012
20211345123343444336252626450334440121
202113451233434443362526264503344401210
2021134512334344433625262645033444012104
20211345123343444336252626450334440121041
202113451233434443362526264503344401210416
2021134512334344433625262645033444012104164
20211345123343444336252626450334440121041642
202113451233434443362526264503344401210416420
2021134512334344433625262645033444012104164205
20211345123343444336252626450334440121041642052
202113451233434443362526264503344401210416420522
2021134512334344433625262645033444012104164205226
20211345123343444336252626450334440121041642052263
202113451233434443362526264503344401210416420522632
2021134512334344433625262645033444012104164205226322
20211345123343444336252626450334440121041642052263222
202113451233434443362526264503344401210416420522632222
2021134512334344433625262645033444012104164205226322223
20211345123343444336252626450334440121041642052263222233
202113451233434443362526264503344401210416420522632222332
2021134512334344433625262645033444012104164205226322223326
20211345123343444336252626450334440121041642052263222233260
202113451233434443362526264503344401210416420522632222332604
2021134512334344433625262645033444012104164205226322223326041
20211345123343444336252626450334440121041642052263222233260416
202113451233434443362526264503344401210416420522632222332604164
2021134512334344433625262645033444012104164205226322223326041641
20211345123343444336252626450334440121041642052263222233260416411
202113451233434443362526264503344401210416420522632222332604164111
2021134512334344433625262645033444012104164205226322223326041641110
20211345123343444336252626450334440121041642052263222233260416411103
202113451233434443362526264503344401210416420522632222332604164111035
2021134512334344433625262645033444012104164205226322223326041641110351
20211345123343444336252626450334440121041642052263222233260416411103513
202113451233434443362526264503344401210416420522632222332604164111035131
2021134512334344433625262645033444012104164205226322223326041641110351311
20211345123343444336252626450334440121041642052263222233260416411103513110
202113451233434443362526264503344401210416420522632222332604164111035131101
2021134512334344433625262645033444012104164205226322223326041641110351311016
20211345123343444336252626450334440121041642052263222233260416411103513110166
202113451233434443362526264503344401210416420522632222332604164111035131101665
2021134512334344433625262645033444012104164205226322223326041641110351311016650
20211345123343444336252626450334440121041642052263222233260416411103513110166502
202113451233434443362526264503344401210416420522632222332604164111035131101665022
2021134512334344433625262645033444012104164205226322223326041641110351311016650221
20211345123343444336252626450334440121041642052263222233260416411103513110166502214
202113451233434443362526264503344401210416420522632222332604164111035131101665022146
2021134512334344433625262645033444012104164205226322223326041641110351311016650221462
20211345123343444336252626450334440121041642052263222233260416411103513110166502214626
202113451233434443362526264503344401210416420522632222332604164111035131101665022146266
2021134512334344433625262645033444012104164205226322223326041641110351311016650221462660
20211345123343444336252626450334440121041642052263222233260416411103513110166502214626604
202113451233434443362526264503344401210416420522632222332604164111035131101665022146266042
2021134512334344433625262645033444012104164205226322223326041641110351311016650221462660421
20211345123343444336252626450334440121041642052263222233260416411103513110166502214626604214
202113451233434443362526264503344401210416420522632222332604164111035131101665022146266042143
2021134512334344433625262645033444012104164205226322223326041641110351311016650221462660421433
20211345123343444336252626450334440121041642052263222233260416411103513110166502214626604214333
202113451233434443362526264503344401210416420522632222332604164111035131101665022146266042143332
2021134512334344433625262645033444012104164205226322223326041641110351311016650221462660421433321
20211345123343444336252626450334440121041642052263222233260416411103513110166502214626604214333216
202113451233434443362526264503344401210416420522632222332604164111035131101665022146266042143332166
2021134512334344433625262645033444012104164205226322223326041641110351311016650221462660421433321666
n
exit
