Z1
434 12
01010000000000110000000010000000100000000011000000000100001000000010000000000000100000000000010000000000000000000000000000000100000000010000011110001111000000000000000001000000000000000000011000000000100000000000111101000000000000000010000000100000000000010000000000100000001000000100100000000000000000000000000000000101001100000000000000000000000000000000011000000000110000000011000000000000000010001000000000000000000111000000010000
00010000111101010000000000100000000000000001000100100000000000000000000000001100000000000000000000000100000000000000000000000000101000000000010100001000000000000000001000010000100000000011001000000000000011110100101000000000001000000000011001000000000000010000000000011111000000001000000011111000000000000000000000010000000111000000010011000110000110000011001000000000010011111001100000000000000011000001000000000010000001110000000000
00010000100011010000100000001000000000000001000000000000000000010000100000000000000000000000000000000000000000010000000000010000100000000000010000001000000000000011111000000000000000000101001000100000001000000000100000000000001100010000000000000010000100000000000000010101000000000000000010001000001000000000000000000000000100100010000001000100000010000001001000000010010011001001000000000001000001000000010000000000000001000000000000
00010000100010001110000011000111100111011101001101110111011111011101110011101001000000111010010000101010001110100011100111011101111110110111110000001100001110110010001011101111011100110001001111001011100010001011111111110100011101001110000111100000000001111101011100010001010111001111100010001010111101110110000000001111000100000101110001000001100010110001001001101011110010001000001100011100110001000111001111111001110101000000111100
00010000100010010001001000100000100010001001010000110100000001001000100101010000000001000100000000010101001001000100010010001000100000100010010000001000000000010010001001000100100010110001001000100110010010001000100000111110001000000010000000100010000001001000110010010001001000100000100010000001000100010100000000011001001100010011001001000101100111110000001010000100010010001001010000100010110001001000100100110010001001100100000010
00010000100010010001000111000000000000001001110000001000001111001010100100010000000011000100000000010101000010000100010010001000100000100010010000001000000100010010111001000110100010110001001001000100000010101000100001101010001000000010100000100000000000010000101010010101001000100100100010101001000100001000000000000001000000010010001001000101100010110001001100000100010011101001100000011100110001000111000100010010001001000100011110
00010000100010010001000000100000100010101001010000011100010001001010100100010000000001100100000000010101000100000100010001010000100000000100010000001000000010100010000000101000100000010001001000100100010010001000100000101010001000000010000000100000000000000000100010010101001000000000100010101000000100010100001100000001000100010010001001000100100010010000001010000100110011101001010000000010010001100000000110110010001001000100100010
00010100111111010001001000100000000001010001001000100010010001000101001100000000010001000100000000010101001000110101011001100000100010011101010000001100000011100110001000111000100010010000001000100100010111111000100000101010001000100010000000000000000011000101100000010101101000100000100010101101000100000010000000000001000100010010001001000100100010010001011001100100010010101001001000100010010001001000100011100110001001000100100010
01111110010010101010000111000100100000110001000111100011001110100101000011110000000000111100000000110001101111100011110000101000011100001000010000001010000001000001110000010000111100101110110111001110011000001001111101101011000111001110100000100000000001111101110011011001001111100000100010001001011001110011001000000001001110101111001000101000011101001110111000110011101010000011000010011110011110100111000001000011111011101110011001
00000000000010000010000000000000100000000000000000000000001000100000000000010000000000000100000000000000010000000000010000100000010000001000010100001000000001000000000000010010100010000000000000000000000000001000000000000000000001000000000000100000000000000000010000010001001000010000100010001001000000010000000000000001000000000000000100011000001001000000000001000001000010001000000000000100000000000000000001000000001001010000000010
01000100000010000000001000000000100000000000000000000000000000000000010000010000000010000100000000010000000000000000010000100000000100001000001110001111000001000001000000010000100010010000000000000000100000001000000010000000000010000000000000100000000000000000000000011111001000000000100011110001000000000000000000000001000000000000000000000000000000001000000001000000000011111000000010010000000000000000000001000000001000000001000000
00000000011100000000000000000111000000000000001000000000000000000000000000111000000000101111000001000000000000000000101011000000000000110000000000000100000110011000000101100001110000000000000000100000000001010001000000000000000000000000000111010000010000000000000000000000011100000111000010000011100000000000001000001110000000001000000000000000000000010000000000000000000000000000000000000000000010000000000110000000011100000000000000
