1
4,7,2
n
133.53402,210.07303,92.24710,328.27967,316.31221,125.80790,-157.13431,218.77120,-171.51364,3.30949,-3.33262,105.13587,-166.77559,-9.15816,-121.67645,309.21596,189.51965,-41.76495,-48.13555,29.26686,330.75180,100.01815,297.71776,-106.50123,45.35065,172.61177,151.88154,-11.98982,-18.09159,135.88199,84.50848,274.02126,145.81078,220.56083,299.96068,72.58027,206.47053,172.41087,-116.57995,-85.19189,118.42768,-33.50958,235.52484,13.15793,211.64669,-126.68550,-119.09475,93.22618,235.07851,332.91096,-70.14114,238.22308,284.80447,284.43655,292.41732,-73.03434
n
118.95307













