1
4,9,5
y
86.34259
y
-174.0000,-174.0000,-174.0000,-174.0000,-174.0000,-174.0000,-64.87124,-174.0000,-174.0000,-174.0000,-174.0000,106.86470,-174.0000,-174.0000,-174.0000,-174.0000,247.34496,-174.0000,150.73080,-174.0000,-174.0000,-174.0000,-174.0000,-174.0000,-174.0000,296.00020,-39.42580,-174.0000,-174.0000,198.89688,-174.0000,-174.0000,-174.0000,-174.0000,-174.0000,-174.0000,-174.0000,-174.0000,-174.0000,-174.0000,-174.0000,-174.0000,-174.0000,-174.0000,-174.0000,-174.0000,-174.0000,-174.0000,-174.0000,-174.0000,-174.0000,-174.0000,-174.0000,-156.96293,-174.0000,-142.49807,225.83290,-174.0000,-174.0000,-174.0000,-174.0000,-174.0000,-174.0000,-174.0000,-49.14390,-174.0000,-174.0000,-174.0000,-174.0000,-174.0000,-174.0000,-174.0000,-174.0000,-174.0000,-174.0000,-174.0000,-174.0000,-174.0000,-174.0000,-174.0000,-174.0000,-174.0000,-174.0000,-174.0000,-174.0000,152.06067,-174.0000,-174.0000,-174.0000,-174.0000,-174.0000,-174.0000,-174.0000,-174.0000,-174.0000,-174.0000,-174.0000,-174.0000,-174.0000,-174.0000,-174.0000,-174.0000,-174.0000,238.84328,-174.0000,-174.0000,-174.0000,-174.0000,-174.0000,-174.0000,-174.0000,-174.0000,-174.0000,-29.08089,57.58684,-174.0000,-174.0000,-174.0000,-174.0000,-174.0000,-174.0000,259.69381,-174.0000,-174.0000,-174.0000,-174.0000,-174.0000,-174.0000,-174.0000,-174.0000,-174.0000,-174.0000,-174.0000,-174.0000,-174.0000,-174.0000,-174.0000,-174.0000,-174.0000,-174.0000,-174.0000,-174.0000,-174.0000,-174.0000,-174.0000,-152.79026,-174.0000,-174.0000,-174.0000,-174.0000,-174.0000,-174.0000,-174.0000,-174.0000,-174.0000,-174.0000,352.51863,-174.0000,-174.0000,-174.0000,-174.0000,-7.84543,-174.0000,-174.0000,-174.0000,-174.0000,-174.0000,-174.0000,-174.0000,-174.0000,-174.0000,-174.0000,-174.0000,-9.07456,-174.0000,-174.0000,-174.0000,114.93855,-174.0000,22.39711
206.42307






















