4
365.93998
453.13718
554.80017
418.92260
338.31721
420.23365
442.41368
517.00300
1281715.90475
1173289.45976
1242740.06005
975739.92103
1110158.40617
1241270.60996
1461656.74562
1450113.34835
3,14,4
n
130.50219,-31.49957,-32.81648,104.29340,-2.09090,280.26759,156.13936,-79.20458,72.87138,126.04605,14.24815,74.59022,359.86013,225.46822,308.20997,367.63130,336.02600,201.25396,29.88902,48.42317,356.21447,285.04623,-154.43641,186.32227,337.46149,51.44566,328.87242,64.99125,-106.20840,311.17677,-79.89732,307.87267,255.33337,-36.38440,-22.80540,209.11827,171.67140,16.42361,124.25892,-112.10625,86.11029,72.78768,87.82429,-52.78065,246.44729,-17.12633,321.93886,82.49479,-134.32119,103.97426,295.68116,355.50085,213.08810,300.87945,227.30524,185.93504,324.28967,-91.39676,-104.74648,91.36710,364.89782,215.95672,74.66194,17.63914,261.41279,11.85310,169.46888,320.00623,34.90869,136.49507,298.75631,344.18663,-9.25973,84.99819,-103.91738,3.77558,259.10516,72.55854,-112.06996,-41.16642,182.36027,-89.55940,339.90369,361.44032,120.86540,-54.34557,6.20851,12.69671,-56.01352,350.46429,-74.40586,299.89412,301.76542,21.09839,-98.65358,191.81433,194.91108,-99.38546,52.55938,160.97038,-73.08222,-167.70559,188.31065,179.41362,-121.86131,185.74713,63.57336,318.41735,297.95770,-8.55017,-58.82199,153.15508,22.93758,23.76598,74.66890,290.80505,-59.43078,338.51089,276.84484,140.98058,-21.40188,368.56450,-124.24146,-66.16388,-100.04626,346.23026,15.56331,337.36160,179.44917,223.56355,175.57869,4.52267,-149.83005,338.52542,0.77056,-121.34745,-89.29932,14.14422,306.52970,128.00452,149.97687,283.86290,190.28751,51.28089,336.37688,17.37512,183.80937,236.97385,207.54157,-82.27971,10.19545,-3.65905,-132.84866,199.59642,309.37612,-74.13329,204.63561,219.87522,9.65152,11.37110,-20.12302,174.91114,98.65474,-84.66139,-109.84109,-8.35654,-3.78487,-56.82178
y
-174.0000,-174.0000,-174.0000,-174.0000,-174.0000,-174.0000,75.08199,312.32989,-174.0000,-174.0000,-174.0000,-174.0000,177.37497,-174.0000,-174.0000,43.01809,282.57741,-174.0000,-174.0000,-174.0000,-157.28903,-174.0000,-174.0000,-174.0000,-174.0000,-174.0000,-174.0000,-174.0000,-174.0000,-174.0000,-174.0000,-174.0000,-174.0000,-174.0000,-174.0000,-174.0000,-174.0000,-174.0000,-158.87257,-174.0000,-174.0000,-174.0000,-174.0000,-174.0000,-174.0000,-174.0000,-174.0000,-174.0000,-174.0000,-174.0000,217.51839,-174.0000,-174.0000,-174.0000,-174.0000,-174.0000,-174.0000,-174.0000,-174.0000,-174.0000,-174.0000,-174.0000,-168.38514,-174.0000,-174.0000,-174.0000,-174.0000,355.35461,-174.0000,-174.0000,-174.0000,-174.0000,-174.0000,-174.0000,-174.0000,-174.0000,-174.0000,-174.0000,-174.0000,-174.0000,-174.0000,-174.0000,-174.0000,-174.0000,-174.0000,-174.0000,-174.0000,-174.0000,-174.0000,-174.0000,-174.0000,-174.0000,-174.0000,-174.0000,-174.0000,-174.0000,-174.0000,-174.0000,-174.0000,-174.0000,-174.0000,-174.0000,-174.0000,-174.0000,303.02305,-174.0000,-174.0000,-174.0000,-174.0000,-174.0000,-174.0000,-174.0000,-174.0000,-174.0000,-174.0000,-174.0000,-174.0000,-174.0000,-174.0000,175.00006,-174.0000,-174.0000,-174.0000,-174.0000,-174.0000,-174.0000,-174.0000,-174.0000,-174.0000,-174.0000,-174.0000,-174.0000,-174.0000,-174.0000,-174.0000,-174.0000,-174.0000,-174.0000,-174.0000,-174.0000,-174.0000,-174.0000,-174.0000,-174.0000,-174.0000,-174.0000,-174.0000,-174.0000,-174.0000,-174.0000,-174.0000,-174.0000,-174.0000,-174.0000,-174.0000,-174.0000,-174.0000,-174.0000,-174.0000,-174.0000,-174.0000,-174.0000,-174.0000,-174.0000,-174.0000,-174.0000,-174.0000,-174.0000
88.33272










