3
ufgqfXgplF
4
1
2
1.30986
7
0.91667
10
37580
6
1.52846
5
2.05882
11
Q9t4RVbC
2
1.41584
11
aO3aaW5Zae
9
6.95652
2
1.54622
6
0.33523
14
1
3
yCGQXnE3EBIk
4
2
6
0.02139
8
0.17241
11
IhCmlslV
7
7.40000
6
2.68333
12
1
6
ErulcoW2Y
7
1
3
22573
3
33470
6
xip39UBG1ogeI01
3
22
6
gSqO5vRKgQrx
5
1.31959
2.42424
0.98990
5.37931
1
7
2
10
9
1
2
KwNCNap
3
23794
6
q4rpJpKh4n
7
1
2
SNiliMMVbpte
2
dryQuL
6
pE7V90WwZNS
5
1.25210
0.45355
0.49167
0.17708
6
o2t1Yef1B
1
4
-9437
4
-10227
1
2
doIFFOa8jyO
9
3
15982
5
1.89655
1.11921
3.19643
1.94000
9
1
1
10
29190
9
10.23529
6
2.03390
5
0.29121
12
1
7
1
7
3
7
GydBPcFeuReVl
5
0.26761
3
18993
10
7
2
6
0.34314
0.96465
0.45098
1.16807
7
QWmFlVzefBUeOuF
10
1
3
938
3
33017
6
agZHKiYSlBxY9lpp
6
ppEjEUN08BJ6PG
3
32540
9
1
1
7
1
4
8299
5
1.55882
1.05357
1.65517
1.04167
4
-17404
2
xE9uDg0ESbTe4
7
6
10
9
5
0.25000
0.04142
3.28000
1.90000
6
Pg5Katp7
4
XEXAjeVcVXg
9
11
GUijdsNS
4
1.36486
5
1.55385
4
13.00000
7
1.22330
11
JS24OOM
9
6.60000
9
0.15702
10
23752
8
0.05128
14
3
GLMWf3Ez0Jy
4
1
6
12.66667
7
19.14286
11
BROlNUgnUs
1
3
0.51323
6
0.52284
11
nxe3p7QPk
7
2.53846
5
0.71186
7
1.04891
4
0.07784
14
3
D8xXCCSBIcpP
4
2
9
0.69565
10
12498
3
0.48387
2
2.35556
9
0.37634
6
0.92045
4
0.91000
7
1.47107
2
0.06410
6
0.53125
1
2
0.30625
1
3
1.06494
6
0.41477
4
3.00000
12
2
6
orh9apSIoF
3
20647
7
1
1
1
6
Aan0RhqKVFbo1
5
0.67526
0.09174
8.69565
10.37500
1
1
3
14446
5
1.02469
1.00000
1.27778
0.03049
7
1
5
4.16129
7
LuWkHOqdKVAq
4
0.01274
2
afwNJVfXA
10
5
2.57143
0.89313
0.95122
0.88764
7
1
4
2.47727
8
1
3
http://pCE3QshUw0Flg.com
3
http://09KvefqH0oBjRSA.com
5
1.38182
50.00000
0.68750
1.04118
7
7
aFYvTPrTHvSpq
7
UeafEKtNXBPIUltM
7
hGmoHaBLIgeT
6
0.43478
0.17308
1.10778
1.53750
5
0.19084
10
5
1.23077
1.95455
0.69444
0.28144
5
1.58261
6.82353
1.52632
0.13934
3
4874
6
JwnQpYl2
4
34358
4
15672
2
eC4sGvoWi
3
2403
2
ZHRwWFBZ
5
0.99497
1.31081
0.13043
1.83721
3
17478
5
2.37500
1.48276
0.94444
0.10345
6
R3geci9SzDomBhox
9
2
BEkFfuk
3
18818
6
HrMK6R8
2
PuEwKn
9
6
0.38235
14
4
4
1
1
8
16.27273
4
0.14286
5
0.95455
8
1.11290
8
1.29268
2
0.74850
9
1.03297
5
1.06977
2
0.58824
6
3.78571
14
4
2
3
0.12752
11
kTqg3DEL
3
0.21244
8
2.42857
6
14.80000
6
0.14130
4
1.75000
12
3
2
rdjQju
6
3PTGGwkBIsjb
5
0.03627
2.25862
0.95455
0.29268
4
qgxHcahmDraJJ
3
10397
2
XNOfBy
3
39850
3
3373
2
ltJCGyAkQ
3
18836
2
NZTXhig
6
RnRJmKPrQKC
2
EfljUiHki
9
6
1.47115
6
1.65179
14
4
3
3
0.04569
7
0.05000
11
ChqDwm6
4
1.05063
12
1
3
17006
5
0.74483
0.72581
0.10417
95.00000
2
WlEGiIXH
6
7ycpWaiyNZD
7
1
2
YctbEOEbj
6
y7oKicEJ
1
1
6
UuJSJ6Tfiw6mTPb
2
gGx20e
1
4
-11229
2
cj5OE6w48IZKlco
6
YQ18cJ2G
7
1
4
0.37576
4
1.48454
7
KdgehJcUXf
7
BmPaopRPitat
10
9
4
HWOIRaNfBdwosJV
7
1
7
1
10
4
-26997
4
2316
6
m5RreK3whVhvhO7o
5
0.48128
1.14815
1.14925
0.36170
2
GGd ZbzdV3kaC7y
9
5
3.28261
0.83333
0.20833
0.17010
9
10
5458
7
1.23214
14
1
3
fJqLnnGmqHW
5
