3
JGTE68LGBMIp
4
1
7
0.50265
11
agUXci7V6
1
10
23532
3
3.22807
2
0.99490
3
0.52727
14
3
5f6HI6PM9hId
1
3
miH7Gnc4GUx
4
1
4
3.00000
8
2.58667
2
0.31169
9
1.94340
7
2.43590
5
0.95556
8
0.67059
1
12
1
1
1
6
d5MeSlJhiZD
3
16098
6
yM5o2BmiX
1
2
BTyvWGYaQE
2
LghVbQXIbeK
1
2
JDwhhb
2
fQaeHh
6
I1nHKpkROM
7
3
6
MT4Fk4GbAn9QtT
2
0FNznrIBSp79yuA
5
1.17857
4.50000
0.13690
0.07921
3
36246
1
6
XNHpZFY3bOxydE
3
38710
5
2.88462
6.62500
200.00000
3.71053
9
9
12
1
2
EGrMxogS
4
bsTcIquiACZVV
4
ggNBSiHODfp
1
2
DcJAazI
4
aJJJPKslsA
5
0.55556
0.18617
0.57647
4.16667
2
WlUAfdPheV
2
iASfuctt
4
cSSsNOxsLjPM
7
3
5
1.52427
2.30000
1.67647
0.09630
4
25070
2
Nvj8K0hP4r8bA
4
4756
5
3.54286
17.60000
1.15294
0.90625
2
xcudvey
3
39080
1
7
2
1
7
yFQxtMsktjKikI
10
9
6
XES559BY2u
1
7
3
6
IwaMhxtQif
2
8oSjnez
5
9.44444
0.32487
4.15217
0.78767
2
qYEbKu
4
-11327
7
1
5
1.10857
2
PLogxtpijMOllw
6
1.16260
2.50000
7.50000
0.32857
6
0.40244
0.49074
0.11111
6.03226
4
0.77536
5
0.40000
7
FUwvgkXTTxIwc
7
tlBVvUdlDosND
7
ELioUNruWUrnwy
10
3
32783
3
303
6
r2D27dF83cQq
2
M2lmKP4fTm
2
eKbD0Ic5bRmVcLk
1
1
7
1
4
0.86154
5
2.26923
4
1.90385
7
wPUSJTuyTMTbbRXe
1
4
0.50000
1
5
0.83974
2
XGLfCRPtUGrfNlqGf
3
7563
7
YpvxmiClfTOvMoCk
8
2
5
0.71963
1.55844
0.40411
4.18750
3
http://1CEN5PIjIH1sNv.com
4
20634
3
http://vSDegQF9ui.com
2
PaS dWEHZoM
7
8
2
7
10
2
V63DFdE
4
-36347
4
37084
2
NORxvu58ct
6
P24Q7Gswvtj5
2
6H155xokX
7
2
6
1.13415
0.01408
1.20952
1.52778
6
1.97222
0.55882
1.52577
2.25000
2
WDoEvAVIWDnDTf
1
1
6
0.63380
3.83333
0.79167
1.03529
2
fiXgjKzo
1
4
0.19487
3
31330
6
0.95276
3.60976
1.87805
0.30088
3
25631
5
2.50000
5
10.64286
7
CHIwFjQYHvXKoqA
4
0.81152
1
3
33075
4
5.76471
4
0.16406
3
27750
7
lSUNqgqtpq
2
gVOGUudNdCSyz
5
0.61468
10
5
0.44762
0.25000
5.59375
1.70312
9
5
2.50000
0.68750
1.78409
1.67391
1
2
BbLljXe
6
1VrEOjJPq4
2
kCPEnzr
3
28288
3
20893
7
1
4
-24834
5
1.76744
1.83529
0.70000
0.30645
6
HIdYin8LlVKOj
4
-27367
7
1
4
0.33784
10
5
76.50000
1.48718
1.75385
0.01399
3
1833
6
leBXcyLDlgCq5aX
7
2
7
FJXaMUeqAmgZ
10
6
1Jy9VywjpqvuiiA
5
0.77966
0.40678
0.23377
0.43216
2
I s6j1TLm7
9
9
3
1.38889
7
30.20000
1
5
0.71141
9
0.66486
14
3
PNlCRUS5CoA
1
4
2
11
Iq8Szs
8
4.86957
5
1.22699
2
1.77027
7
0.10619
1
8
0.85000
2
3.51351
4
11.09091
5
0.79651
12
1
1
3
2203
4
ufRbSRRQLn
2
ZmRhFd
2
oBNvXugmgOn
4
VYjncBvoCXtVM
9
4
0.08947
7
0.66964
2
2.07527
10
26968
1
11
ByEk38iWX
8
0.12821
3
0.43860
10
39298
10
26028
4
0.76667
7
0.36667
6
0.03704
7
2.98113
14
5
