3
4RP6ceoNkP6C
3
9xREAAdKU1
4
1
11
3DE24pofbi
7
0.25490
9
1.02247
5
8.21429
8
4.14286
4
0.85556
12
1
1
5
1.65882
1.06587
8.47619
0.48980
3
11070
3
16793
2
gNoomtlrtr
1
4
YmfkqMJJwZGFrn
2
cUHAYLbXOgQ
3
8481
4
BMCTyntLhXej
1
1
2
aCXJrLk
6
rI46r8gizJyv
1
9
9
1.04372
11
uKjdhR195H
10
8177
5
0.84932
11
dHbemzr
14
1
1
4
2
8
0.98907
7
3.47619
11
ezoiSfkM8
2
0.94488
11
ZSGMhtIWuE4
8
0.83060
7
0.36719
9
0.85393
8
0.11364
3
0.79885
11
QqL9zj5
3
5.61290
1
14
3
485kEsCc7XfA
1
1
4
2
10
12091
5
0.39869
9
13.33333
12
2
5
0.73118
0.41379
2.55405
1.41237
4
brmOyHikkuqnSPj
6
CnYsQEU2
5
2.76087
0.15873
1.55645
4.42857
1
6
UZuXaX0
5
3.06780
1.00000
0.37903
0.89916
9
7
1.18519
2
0.84375
1
5
0.21368
8
2.04286
6
1.01765
7
1.95960
10
14877
7
3.45614
14
3
Qc4sNoxMLv
4
4
11
qTY3ciwSb
4
1.86813
6
0.73239
3
11.42857
10
30754
8
0.75556
2
0.57955
14
5
