3
DHUpL6v5NB2a
1
4
1
11
r2UtQhap
6
0.24309
4
12.43750
12
1
5
2.09195
0.26596
1.00000
0.17857
2
UxsZjPuspB
3
7135
5
0.14634
0.10219
0.07229
0.51316
1
5
0.12353
1.02174
6.15000
2.77143
2
KhThfLDaqrd
1
9
1
6
0.15686
10
16803
9
0.30000
3
0.08571
7
3.64706
3
93.00000
12
1
4
QBEhumBLfx
5
4.23684
0.73913
1.12593
0.92188
6
JSaNFFZtE
7
1
4
-16032
1
2
cwKEYFUkS2FYDnU
3
26501
2
si1IlDFXGJ5odya
5
4.22222
1.62963
1.31667
2.28571
3
25105
4
-35888
5
0.63218
0.67376
1.28571
3.22000
1
1
9
4
eMHlqxqUQWG
2
JOJvmK
1
2
hXCHyyPqkW
2
UpfEosmxUt
6
ow69N2Tw
5
2.21429
2.12500
1.78899
3.53846
9
3
2.25301
10
6465
3
1.50526
1
1
5
0.75410
9
0.22727
12
1
7
2
6
en856sjrkYKO
1
5
0.39394
0.18902
0.39744
9.40000
2
OhDbwe4R
6
cjgGDBnZQ6b3
6
TVM6SdpG4nluHu
7
1
3
8975
10
4
16729
9
1
7
1
6
o7RXVvGIm9JlLT
5
0.18817
0.35461
5.22222
1.06579
4
-20866
1
6
4CoBbX93rrR2U
3
25724
7
1
3
25227
2
jbZWKvAINgmq
5
0.59310
2
SkbtJGtRJkLG
3
7268
10
3
37489
5
0.07746
0.44211
0.26000
0.70968
3
13928
9
6
ADpk7dBUl
6
WpnRhFeyoxRV
1
5
1.54545
0.30319
0.69231
0.03448
9
5
0.74595
10
34302
2
0.53435
8
0.20430
8
1.19620
4
5.42857
4
0.82564
12
1
7
1
6
IexorvVQD
3
3559
7
1
6
1.21739
15.40000
0.32812
1.33333
6
6.15385
0.87629
4.02041
0.80000
4
2.45652
6
15.50000
4.06250
3.11111
0.60428
5
0.54902
10
5
3.66667
0.60317
0.20312
1.03704
6
A6Lo85zY27N
1
4
10338
3
23334
7
2
1
1
5
1.20588
10
1
3
10506
1
6
XMTZjHwMnvNl
3
15913
9
4
IocAChrfQj
6
aPjJw9Mbgygb
5
0.65000
2.20290
1.89474
0.68687
6
woNbhdA1xU1
4
MUOoAKrOxdQN
6
pY4RcSTTLpe
6
Hhxg1KT
5
0.56818
0.37908
1.81818
1.37607
5
0.96825
0.42932
9.40000
18.40000
2
SMkbxYc
9
12
1
3
18788
7
6
5
4.17500
0.26347
1.55882
0.07273
4
10015
1
2
Vm8VltHAlzn
6
0ml1Jqg6jHdvqQAs
7
1
10
6
gBF2yBXFxwymSZ3D
6
JkeWvNRYvvy
7
3
10
2
zI uQ9
6
QXaQwYZ6K9
1
3
38822
7
1
6
1.08889
4.39394
1.03125
9.22222
10
6
L3XSdaFv6VDF
5
2.04348
1.01227
0.88750
1.24026
2
ihYBDhTHRyC4k
9
1
2
XWIHEfp
2
isqYXIAtFY
6
rh0uvP8tW
6
URo6Egq5
3
23547
3
32406
7
7
4
-36385
5
0.91379
1.08000
24.71429
5.50000
2
2YN7hJng03IF6K
5
1.61111
1.68687
0.75000
0.95402
1
2
rpdsb2xoiAdV
3
21391
5
0.21260
12.75000
0.23810
4.72222
3
23766
4
-13063
1
1
5
32.00000
0.67665
4.34783
0.50000
9
7
7
4
-7698
6
0f7AZtBk
3
23924
4
-30495
5
1.82432
22.71429
2.02500
0.39444
6
jJpNEb80NozD
7
2
2
TxCFQWpM
3
4950
10
9
9
12
1
7
7
3
19509
7
2
6
1.11828
0.86111
0.72222
2.76190
5
3.22500
3
2924
4
0.50000
7
KAFgkDqsEB
8
1
7
7
kLqSRcsGVjrBrM
6
2.39535
1.11613
1.26087
2.09302
7
NnlVSpDMmhPQNL
1
1
6
1.73529
1.64463
5.04348
23.87500
4
7.66667
3
33021
7
YrstdtNzsjlKy
1
3
21870
5
18.90000
2
gghWsWsBlYBTiEqP
2
wmMRkVjTkw
2
TIZVfHoS
6
2.26190
1.15862
1.34965
2.20833
6
1.07237
0.19780
0.02339
1.87356
1
6
41.50000
1.24242
0.24476
0.16667
7
nizbUapIUdG
6
6.03226
1.34118
1.27273
1.35870
6
1.04762
0.96296
0.38667
1.34579
5
1.89091
2
wZOOOgBwCLp
6
0.90385
0.64103
1.17518
0.21429
7
EcjslRPCuNUpT
5
0.75281
5
0.06111
8
5
5
0.52542
0.72000
0.86555
0.83544
3
http://mPIzCdyTiMb32o8.com
2
oTTFQed120Pr
7
6
1.46154
0.99057
2.46479
3.29787
7
JSVoDQQRnvrh
8
1
7
6
1.91304
0.33544
0.98000
5.03030
3
18221
10
5
4.88000
0.20530
0.83871
3.06250
7
2
6
2.58824
1.86408
1.73770
0.12782
2
xUfikeKfJ
8
4
3
http://rQdi6wOTsjboOud.com
2
naQMyAfP9tudKdwlKTl
1
4
11993
2
1CDOBy43zbTWMiGg9
7
4
0.21875
3
2384
1
10
5
0.76064
3.39394
0.86869
0.05357
1
7
2
8
3
2
xAC4em7iiLe5hfg8Lf
1
7
8
5
7
7
OBEQTsNjEWlfux
5
1.62069
8
5
7
3
7194
2
pZQsqZYhlK
4
1.50943
1
10
5
1.02206
0.60656
5.45161
0.80571
6
GxvGgllCmHL
9
1
1
1
1
2
euCuBB
3
13712
2
vixoLj
1
7
10
3
17218
5
0.03086
2.93750
5.43478
146.00000
4
25485
5
0.61184
0.09929
3.21951
0.97368
2
0nbK7nSxEklxOZ
6
VHahZ5zeiYs39
1
6
k2J1liEC
5
0.06818
0.25000
0.35484
1.03731
6
0IN64OgjcrXdd8
6
JohpVnJiyuQ
1
6
pViA8btYjk2vYnd
9
2
PowFXeKHwS
1
9
3
0.31818
10
37778
11
Eba1WFHK
3
0.86719
8
1.06338
14
3
kKXq3Z2GxvCW
4
1
3
0.44444
4
0.82524
3
1.14050
9
0.17532
2
1.12500
11
sKhLwjr
2
0.52222
5
2.11538
11
x1GvPvGgjC
11
xMA0k5tZ6U
3
0.70440
4
1.06471
10
6941
12
2
4
aNRhLsciQC
2
wgJHuauC
4
pBhozlzuHCPMwAM
5
3.35185
4.92857
1.01600
17.25000
1
3
12049
5
4.38095
0.09677
0.69412
4.11765
9
6
9.38889
8
0.47712
14
3
bTsLEErC08
4
3
8
0.51829
6
1.39560
4
2.92453
5
0.04651
6
0.22500
1
10
5626
9
1.29412
6
2.69863
14
5
