3
npTsJCwiUi
1
3
m2B7A6eO8es
4
2
10
8858
5
1.44262
11
toHn9b
8
0.58427
12
1
5
0.70000
0.29268
0.74074
2.78125
1
5
0.97279
2.22581
0.95455
7.41667
2
tenPhHtmb
4
qGSgoUEqhsTEk
4
niVCokXaJjowU
5
3.57143
1.92308
0.61929
0.23926
6
fPAAK1lSvcg
3
2842
4
UYPauGvqkAqpG
2
ipCkiemGvL
9
14
4
1
11
QOcrgV
12
1
1
6
5iLqleHRgq
7
1
4
22126
6
VVKChTIIhv6b
6
QKeD0PNKPVz
5
0.52023
1.46218
2.91667
0.94828
5
6.27273
0.67089
0.96894
2.88406
3
31889
1
7
2
4
0.07634
10
6
aVLbsx93IcbD
1
4
-18843
2
OiX ApJlu4
9
5
1.24161
0.46448
1.15000
0.87791
1
6
7QlRjGg
6
ZQWJH2B1nW9
2
USjlHJm
9
8
1.38400
2
0.06400
5
0.41379
3
0.48276
9
3.58182
10
9591
3
1.75439
8
2.93878
5
5.57143
12
1
4
NhggtwWVaD
4
aTiPYNmDvdb
5
1.15244
0.08667
0.81159
1.32308
4
yNDiFPgzGCREoOC
2
xNgWIwZ
3
4012
6
yoOLZNLuKp7
3
37593
3
21420
4
wpwHPaclbjfk
7
3
6
gQcbTPur7YD
6
w4amhdBElAcL
2
Plozx VkAinKc
5
0.62500
4.56410
0.97531
0.55556
4
-15264
3
30379
2
jM0sLKmxRCV6 Df
6
GOapQLyP
6
cZH7urj6ahGGgh
5
1.95652
1.23140
9.12500
1.60294
4
-12935
9
6
OPufgqH
4
LbmyeubGXukhgG
4
NUMHRpDgyJU
4
acMimMcPvJrL
1
2
IFcOcMd
4
DgJknpTDeLDlOW
3
22800
5
0.76923
1.07692
0.73469
0.90000
1
9
3
1.91549
14
3
LL32ScnSxuip
4
1
10
2696
9
0.79121
12
1
5
1.66304
52.33333
2.73684
0.21739
3
299
5
0.98649
2.77778
3.43750
3.58537
3
6021
2
bRCpxTdv
4
IhiXocAZVT
6
ujquqACZz
3
28542
1
5
1.25000
2.33824
0.27907
1.80488
6
1u2zMDDUO
2
pFIbhHvuoD
9
1
9
2.46296
4
0.95876
2
0.17647
14
4
2
11
S1peQboyY
5
3.27586
9
1.88000
2
5.04167
2
3.10000
3
0.87582
1
6
13.55556
14
5
