3
KnEGNuA9Rv
1
4
1
3
1.46032
2
141.00000
9
173.00000
10
7847
7
2.12903
7
0.26904
11
n7tZERcdW62
8
0.52841
9
1.38614
2
0.08939
6
0.07429
10
4081
14
1
1
1
4
1
8
2.85714
8
0.05607
8
2.12676
10
29260
12
1
6
AtV4xFwGeUS
6
1D4svTmmm
5
0.50617
2.19672
1.95604
0.82927
6
Ok4gz5Uo
4
ILLjcrPIriSxMYF
1
7
3
1
6
ExfL21vH7pV
6
8MNXrflBDlx
6
lUE5cAxm
6
Yr0wsXXwpFpip
2
kVa2AGIQSV9Z
4
2689
6
lMQHRksQnliaL2
4
-10509
7
4
3
30997
3
6504
10
5
2.17241
0.62264
0.80588
14.75000
9
1
1
3
11126
7
3
2
nQAAvNvUHDB4h4
3
32819
7
2
6
0.46000
0.09589
1.27957
1.41026
3
20701
1
2
WptGKwocbVIiDeij
3
23521
10
1
2
KPD0 jTgvADXIei
5
0.94340
8.06667
0.57009
1.26087
4
18101
3
10853
6
fSSD8ataQYoqIh
2
xDp1loa9q
2
RZ2AjXds
4
-27904
1
4
35322
7
4
10
2
JydR9mytPR
7
6
1
7
EVyDoRAnti
7
pTjQbFlbVgVgrlDY
2
rqKtWFgWbIiZzDq
7
POODNypGlxAtPWY
1
7
kyWUQchWNbBjCLJ
2
XOtMtRquQYqO
8
1
5
0.87500
5.30000
0.44048
1.41379
1
7
1
7
eUABewCwyyya
3
23345
8
4
7
4
18.66667
4
0.39706
10
7
3
10
5
0.04494
0.28495
0.31953
0.13492
2
WyiitY
4
-17666
9
4
HDqJCAlNLZPjIp
1
5
0.43299
1.75926
0.61607
0.54839
4
QsWFLzucTnNts
7
3
7
4
6
0.28571
0.14907
1.91954
0.59302
3
22390
7
HVnTBGljcu
10
5
0.28402
1.12782
0.17323
0.24044
7
4
3
22131
7
tGXVvLvlTnHF
5
0.47826
10
7
3
4
0.75229
3
25429
2
LlGlSmLCGnJ
7
CXsdaqtPlk
8
1
4
15693
7
5
1.06250
7
LvcmvHiWGaFi
10
3
25970
6
T1icMpzn5z
1
3
28326
6
5LEqjwW6G3oJj
6
do9LuhZdkgQhz0N
6
iQ2bCllH3Uvqrfc
7
6
7
xnhIvvySKm
5
1.21472
8
2
7
10
7
7
10
1
5
0.66879
154.00000
0.40741
0.11905
5
1.62222
0.48193
1.77193
1.60000
2
mYIFbMML
9
6
nNuIJoKrDg
1
2
zWbGkOsRS
6
YQLpPc4vqt1
4
LpNCCFYfSCkapUi
9
6
3.47368
5
7.40000
8
0.06061
6
1.06780
11
vsHs5zUrTm
11
I7HPhIT
10
23618
11
raDrQsOWtBW
9
0.80000
14
4
1
7
1.30303
3
0.68462
7
2.95745
5
5.16129
9
0.64198
9
0.97030
11
ZmDUPPp5
1
2
1.31884
5
0.38889
12
5
4
VzUHtkDCoUUZtZp
4
ldNSXvlRrFEH
6
Daplpy8nm
5
1.14876
0.77451
0.75817
0.44262
1
3
28608
5
1.24359
1.51327
4.47059
1.30556
1
2
XhYZXMPM
4
CDiSyGdArxXa
3
27128
3
9477
6
03HjR5mCXriQ
4
lDoIxvHBMcCQGj
2
GkhiSVLMo
4
WImAUdxdVmCC
5
2.41772
0.21739
0.28342
1.18321
7
1
4
-4606
5
0.35294
1.52137
5.58621
0.58491
5
1.88889
14.00000
28.66667
0.00685
4
34276
6
MSnZczKMCxoGQFK
1
2
WOpA2 9NZvhg9N
3
29788
6
LOsfPST1J4
9
1
7
2
1
6
OvXOIT5h7VhS
5
0.70085
1.77143
0.79545
0.18452
7
1
5
0.77670
3
18936
7
ucObWIUAwbXfrku
5
13.40000
7
cAXTBLZqPeMuk
6
0.19828
1.02841
0.22656
1.07059
6
0.04386
1.51351
0.96429
0.28571
2
FQIlnHgWKESNZl
2
euyGyvrGBFVMKAhNH
4
1.82828
10
6
Zt9yTsoj
1
1
6
Aem5QlWXO
1
5
0.82979
1.85455
0.86260
1.75000
4
291
7
2
4
3.23077
7
gQCRTisMivHEnziy
5
1.52055
7
uELGvHXpJxcLZl
5
0.75758
4
3.03279
5
0.36207
10
4
-31127
4
-38532
1
5
3.40000
0.89899
1.22086
0.18000
3
32095
3
35732
6
y94QAChqQVsR
9
9
9
1.12739
11
WMwsV1QyrGs
1
3
0.22222
3
0.06612
2
1.74468
7
1.60577
3
12.00000
6
0.35503
10
33298
6
6.51852
4
0.76163
12
4
4
JFEjfDZpBdxiyOC
2
qvDmys
3
36443
1
6
UtIdhNo9VH
2
REGZBkdmF
1
1
4
BrYcRYLqhJiK
6
cey9EWgi
3
38414
3
26080
5
7.52000
0.16304
0.78472
0.77249
6
CMPZTauiP
3
8968
9
14
1
1
1
1
3
R6tnegP6QW
1
1
3
rY81Cj2nSf
4
2
5
0.43243
8
0.20339
2
4.31818
1
6
0.70543
11
mnPlso9Gzm
6
3.94118
9
0.00971
3
0.52201
7
5.30556
8
5.00000
5
2.42105
14
3
Bt0aebxbpua
1
3
C0KLWYpE5f
3
fIGYqCHOq0fk
1
5
