3
BfrWn4Ukm0
1
4
1
10
1592
5
0.62069
7
1.11905
4
2.36111
11
yaGNdQ
10
10267
9
0.59813
1
12
1
6
WnO2lGr20eF
1
5
0.76471
0.08276
1.04430
0.37113
1
2
shoaSKKfn
7
1
1
5
1.18301
0.22485
0.50427
2.63636
3
29643
1
3
5271
6
gvWnAI8XZK8fLAhs
2
uWSOqnJwfr4Avd
7
1
5
0.53261
2
eDOnCILUDOlMPWMcH
6
1.56098
35.60000
0.63934
1.12500
2
eoKpumTYshfXpmSi
4
2.21348
1
6
0.87097
0.46552
0.98985
0.45522
6
0.39080
0.40000
0.66667
0.08844
3
7928
4
1.05455
2
veKkvxsYRO
10
6
Cr8CpUeE7j
2
s5R4qpEj
7
2
10
7
1
4
4.25000
7
oGdgTQgHvUpG
5
7.00000
6
0.66000
0.38983
0.65306
1.14024
1
2
NZQJSRTVBiK
5
1.89286
5
0.73604
4
1.55140
7
TazEHqBbIfnl
3
6527
10
3
33196
4
-8858
5
2.46512
2.32353
0.33333
8.57143
4
-11548
9
5
1.31034
0.15094
0.97674
22.20000
6
GZv4X7LTMV
2
WcEFaaOUo
2
DQgVio
7
2
1
3
27543
2
5BzNQsX19GkV
2
Fn aUHw6v5C
4
-34351
6
2yq6FKzNxcu6phpi
1
6
TYuCZGz2QVsS
5
0.72308
0.07746
1.18667
0.69274
2
mz8 8D69pe2
9
4
ooQkAYJrjVj
7
1
4
-9322
3
20666
7
2
10
3
13824
1
7
1
8
1
2
GhNX1fQNCHryj 
3
http://tqHQ41QbtWAB.com
7
7
zZhxWGYxJLFgvEps
3
21211
10
6
3gyGc2wuJEQeMrre
5
1.96040
1.17021
1.17763
47.33333
4
-28239
5
5.25000
0.76515
1.50000
0.05495
9
6
xSvcUY0b3bE
1
7
3
6
QCC4QOLK
1
6
SQPJ065e5MRcU
2
iGSm51LV
3
34433
7
2
7
yBNuHlzmbC
4
0.99441
8
1
2
Rww5bhqQqP KkGdJ
1
4
6866
3
http://8w3yOr12uvkS.com
7
2
WZksEddwI
10
7
2
4
3.50000
7
ShzswfVlXVAKxXB
3
30823
8
2
2
eeD7vWszOQqdpHke
7
3
18077
4
1.30435
5
0.17436
4
1.28696
1
10
3
11655
6
6j30UYnwv
6
zHkZ2WAK4eL
4
-26505
7
1
7
PJPRwbrYYjvKT
2
sZihiTPuYWbwLzsh
6
0.47674
1.59664
3.34783
0.15294
10
5
1.35036
1.07692
5.55556
1.02344
6
xVKtOECAiI
9
6
p4cFakKweG
3
15909
4
lruKyjHZkMqEY
4
uDsVkWqDjetn
1
6
BjLIe04
7
2
3
5641
2
LA5iGo
3
4146
6
HipdpHZEv4
7
1
2
LfEoSYOyWkYI
1
10
4
17056
1
7
2
6
0.75497
0.83333
0.65152
0.17442
3
9656
7
myXNgmnNZNVL
7
GJZKveLJWQYlM
8
1
4
14612
1
2
ZgIzwHRAw5U77uYm6
5
0.97561
2.53247
0.39216
3.01515
1
1
1
4
32326
4
15639
7
10
2
kZKq7JNLjCS4
2
B9nyb CB3URTcA
3
30438
2
9DL3jVvXgDuzGA
2
zoMNLRR
9
3
37149
6
SAtImZTIix6
9
10
11556
14
4
1
9
3.16667
2
0.99123
5
6.75000
11
OMk3s8x1
9
0.23214
6
1.04678
8
1.06667
6
0.17500
5
0.54774
12
1
6
BqaERMekJw
4
FRVDVkXPEyn
6
fbNtEJlOOwUw
2
kZTZUvdVL
2
JpxTDlzBbT
7
1
5
1.76087
7.94737
1.83333
0.63710
7
2
3
38039
7
PJtxZBYijypevzf
5
2.67213
7
TTQAkMVHhzTE
1
5
2.47059
10
7
1
10
2
iAYQXFYsoPZpceU
1
5
3.91176
0.04061
1.25397
0.45977
4
38394
5
0.35185
0.49000
1.33333
1.02222
6
yK2S7DgzJ6L
6
13lw59kIkzuc6O
9
7
2
7
1
7
zjuFvZnQkdFN
10
1
7
1
1
2
gODNUttUEXNOTbG
5
0.41463
3
25850
6
1.65152
1.01010
5.24324
1.04520
6
1.45161
31.66667
1.25806
0.74468
8
1
4
6773
5
0.83660
1.31429
1.03468
1.25893
1
2
NZTY43NrJmw1BZDwHU
5
1.21805
9.14286
2.57500
0.38462
2
2SY5Foj6vYh
1
3
http://SBuJrpiaIgn71vJ.com
5
0.63448
1.45122
1.42857
1.12903
1
2
ENuxWUvthGj
2
 pqkLl9nAS
5
0.68831
0.35000
1.14286
2.18644
4
34193
1
4
27497
7
6
0.78448
0.68020
0.76364
0.21333
5
0.27119
10
4
-28712
4
25434
2
qMMx9YY2uaV0Hw
5
0.76812
0.68712
0.86408
0.88435
7
2
3
31584
1
5
0.79688
3
38511
4
90.50000
5
1.27619
10
7
3
5
5.69697
7
xtqSeegLCA
2
EjBkvDiGCW
10
3
14559
6
y1EGXZLCzOC
9
9
2
0.24000
14
1
4
1
9
0.70857
5
1.36937
3
0.06548
4
2.25581
11
mEWZI7OE5P
4
0.48734
6
1.22000
10
5178
2
1.05147
8
1.04167
14
2
{Planet}{  Name}Jm1BoTc    {     #Name}     {    Mass     }0.47644 {   #Mass     } {    Period}  0.82927    {  #Period   }{Gravity   } 1.85714{  #Gravity    } { Perihelion  }   0.60500 {     #Perihelion     }    {  Aphelion  }    0.62500    { #Aphelion     } {     ERadius } 0.06098     {     #ERadius  }     { Radius    }  0.68613    {   #Radius    }    {OrbitSpeed    } 3.59184 { #OrbitSpeed     }{    Population }  3409   {    #Population     }    {#Planet}
3
T4EFDNKwDp
1
4
3
4
0.34000
7
0.60541
8
0.95028
9
3.13793
10
29977
11
LpTyeNI1Gp
9
0.50909
2
27.00000
5
1.25000
6
0.48333
5
0.62903
8
0.94595
10
2191
2
0.60526
3
12.37500
1
11
mnbale
1
5
2.22078
2
0.49189
8
1.45783
4
12.61538
8
0.78519
14
4
1
6
1.37594
2
2.77778
2
0.71429
5
0.78947
11
vSyRlJ
7
0.81295
7
0.82741
11
DrZgquNUmoj
2
8.78571
7
0.45810
6
136.00000
7
3.80000
3
0.88435
14
5
