3
ILm2izWTYIX3
4
1
3
0.81212
9
0.33333
3
0.77907
3
0.25862
5
0.26230
2
1.63551
11
mNApLQlDJfn
8
1.25000
10
28247
1
4
0.48148
11
RZsHw5mH
7
0.31148
1
1
8
0.39189
11
2A3EfpH
12
3
6
AX81ffiGv
6
HcRHGY8EqwXb
6
WEQvnOe6dI
5
0.26178
1.51429
0.49342
0.93269
3
14532
5
2.35714
0.58182
2.27119
1.97917
4
PCIFxMywBMjfk
4
wNSgoizYODU
1
4
WEyUvmFRcKjaU
6
VK8aNWwl99
2
bipxhBD
5
2.90385
0.18182
0.37662
1.05882
9
8
0.76786
1
14
1
4
1
9
12.80000
3
0.01163
8
2.55814
9
1.37500
12
3
3
31465
7
4
1
5
0.95238
0.65990
0.49474
4.35294
2
zXsohY5Q5jT1R7
6
4uVNzC0L4maP
2
2BnirNYqenDnK6
3
37751
6
Q7VrCl3DT8Xce
5
0.42466
1.46094
3.15000
1.51304
1
4
19312
6
bker5ZB7jRRT
5
3.29730
0.36242
0.92857
0.12000
4
-23118
7
1
2
qFpOvOuHrLZMtISHS
5
4.30303
6
0.38983
1.11679
0.27692
6.82353
6
0.87037
4.95455
1.50862
1.25000
6
0.72727
0.84810
6.96296
0.18072
6
0.18085
1.32812
0.30000
1.62069
7
VnMStHoPVHjrm
7
yUyKwDbWADfJ
4
1.30588
10
7
1
1
4
0.30625
8
1
7
4
0.51685
4
7.14286
1
10
3
4166
2
0aGXdplN8
9
1
1
5
0.23196
0.69925
0.73504
0.48148
4
DJpblOelflfHZrs
2
ZVPoLGpRqa
3
29982
3
37838
6
vUAtTgTvIKS
3
237
2
umpDHMLtzJM
1
6
FPX2j3rZd
4
tthchlmKpppuUu
4
bUrKCiXkVeRfF
3
2089
5
1.09412
2.14286
0.60000
0.13609
3
20499
3
3568
1
5
1.58333
6.53846
2.10526
5.33333
3
17744
6
JRPwv6Ydfdh
9
9
0.04098
9
2.88571
2
0.94083
1
10
8738
14
3
Uze4JBvdbX
4
2
9
4.17778
2
0.86014
11
ntMcpA
9
3.34043
2
0.65128
11
nR5SUk6DA
6
1.84211
5
0.72297
2
1.19767
14
2
{Planet}{   Name     }   dWtkoJ     {    #Name     }{Mass  }   0.25210     {  #Mass    } {    Period     }    2.28571    { #Period }   {  Gravity     }    0.56477  {   #Gravity}{ Perihelion  }     3.02083    {     #Perihelion }   {    Aphelion   }     8.66667  {#Aphelion }     {ERadius     }     1.20312   {#ERadius    }   {     Radius}   0.99275 {  #Radius   }{     OrbitSpeed  }     1.18792    { #OrbitSpeed   }     { Population  } 2595  {#Population} {#Planet}
3
uDYg9vyTKHRL
4
1
4
0.47872
9
0.52239
5
0.22819
9
0.14173
10
8061
8
0.51200
5
2.66667
6
1.23026
11
HkbltUpK
12
2
6
BPAFt9jwIt
2
KgbiWKR
2
eXaCHebLgtw
1
4
SwYSUViBWi
1
3
23748
4
nmUqkvLOMLbjtV
2
RXMhll
1
5
1.02151
1.90123
1.10000
0.93289
6
ASSlz4TPY2ll
5
1.39370
1.67778
1.67742
0.04505
5
0.04839
0.88462
0.71429
0.93023
9
9
5.61290
9
1.75728
7
3.61538
9
0.81000
2
0.78571
9
0.87845
9
4.02128
11
h8IkammY2tE
14
1
4
3
11
UdxlfywED
10
24492
9
0.70492
5
0.87179
3
0.86364
4
0.31285
2
3.34211
4
0.64407
6
14.50000
1
9
0.25301
9
0.59184
4
0.88276
3
1.01190
9
0.31288
8
1.32215
12
1
1
6
vOXu3XR
5
0.94505
0.63842
0.95146
0.78571
6
5uQxG9xj6Wo
5
4.05556
2.81250
1.12346
0.60000
2
eSPdpQZdo
7
1
6
prjQNbI57R13p
7
1
1
6
0.97949
0.69274
1.03429
0.17178
4
0.34043
10
4
20858
3
12165
5
2.35897
0.23387
4.21053
0.95855
2
zqaVrk0Y
7
1
7
uABXgxGlKbdDP
7
qTtfDZPpfsrNZdB
4
2.58442
6
1.12121
1.25676
0.43448
0.89844
8
1
5
0.58929
0.21053
0.79532
0.79348
4
37875
4
28316
4
14395
2
TClVGVu2zx235A9sUW
2
S5ajxMeMrIKgRyIrG
1
7
1
8
2
1
2
NSiAHWZu0hgF
7
5
1.23333
6
181.00000
1.83333
3.00000
2.70833
8
1
4
7168
5
0.22360
0.84615
0.36559
0.28090
7
1
10
6
Yifnouuu6DHcui9
7
1
5
0.60773
1
5
1.17647
10
6
1l5iAeK7thJUkckU
9
5
1.36000
0.01754
0.70861
0.92638
9
12
1
1
6
iqUWnt8b
1
5
0.35976
1.15385
4.74194
0.89286
4
WkZKQHuanop
9
11
SwY926XceAJ
4
0.95960
1
4
2.15517
9
0.05926
12
1
7
1
3
10553
1
2
FR252r
7
3
10
5
1.09649
1.10317
3.02174
0.92763
6
9SUTGmGFxRiDQ
3
16896
1
6
RrA7Q6CpI
3
30837
9
2
kmLBdr
6
H4Bh1eOV2EO
6
GF3H74945X
2
IQnMogrna
9
1
9
0.13158
2
1.92632
10
30332
10
29000
11
MYiOcLL1
10
38970
8
8.95455
14
3
98UwANNZi8
5
