3
mRDPY709rA7Q
3
3kg4IAB2WYSW
3
hXTgSYR3FDh
3
99GkWBqdyA
4
1
7
0.41667
6
0.93651
4
3.22414
4
1.54331
6
1.22917
9
5.37500
9
0.42038
7
3.29032
10
10629
4
4.66667
1
14
1
4
4
5
0.73109
1
8
1.12281
9
1.24074
5
3.07143
5
0.87879
3
1.17568
14
4
3
11
WQ9Xkt
9
2.81429
8
0.04225
8
1.54310
7
0.21472
7
1.12500
2
2.92000
5
0.94340
3
0.72500
2
1.49351
8
2.05882
7
0.96053
12
1
6
PkhnUlac
6
K0Nk5TOd
4
XuReuinCiKWGj
5
0.16107
0.26966
0.05641
0.09392
4
DwxpiESZDSGP
4
HPBlIQGAXWpC
7
2
6
gWukxhJozj
6
XsT0P6glE4ACknBW
7
1
4
0.08000
7
jZUOGpymyliXX
7
BpFINKrQEuuC
10
3
36986
7
1
7
kHJjpeQhhkNCZrJJ
8
1
7
3
26988
7
usNdogqgHJj
1
7
DnwynymAhrQA
6
0.42500
0.77206
0.15574
0.92073
7
tvzjrRJTTqemL
6
0.59763
0.48148
0.56471
0.64246
7
qvvJXXrGCRnUrev
7
hLSYGpttXhMIGKl
7
XXlpYYprZcdc
1
3
5407
2
rMFrlhIhaMOo
10
2
ixj2nIaZ
5
1.05344
1.45652
2.03333
0.19136
2
TDSTJ9XSfe
2
qmQ57kSjRmf
2
QkwncpZ6VC
9
3
25967
1
5
1.11798
1.57143
1.11111
1.68103
7
1
5
0.33714
1.52679
12.33333
1.11111
5
0.26923
1.21138
2.07368
2.61404
4
-11357
5
0.86164
2.19101
0.89503
1.80723
4
23837
4
-2599
9
5
0.60870
0.44615
0.41270
2.63889
2
SvUrmekc
5
1.04494
0.91045
0.55738
23.57143
9
9
1.09868
9
2.28846
9
0.01571
5
1.19531
5
3.29545
1
7
0.67516
4
0.91096
2
0.75000
1
9
0.39450
4
0.22137
3
1.44361
10
9710
14
3
DPoNBFOhREwq
4
5
11
YP07sZ2XZeS
10
2729
5
1.90000
9
0.00800
9
5.25000
7
3.61111
2
0.01961
9
0.87662
8
0.77586
5
0.14835
2
0.04420
3
0.70000
1
14
4
1
2
1.88525
9
0.41206
5
0.71698
11
2dekssY
5
1.37097
2
14.07143
1
2
9.66667
10
33570
2
0.66026
5
0.47368
4
1.09836
14
3
7TmGqOWADgon
5
