3
hy6a0MrzX2X
1
4
1
5
0.78947
1
8
0.30693
9
2.00000
7
0.50000
3
0.82162
11
IcUOdwN9xu
2
0.28777
8
0.00926
10
31820
8
1.14286
9
0.51852
6
1.34043
14
3
sevEOv3yt24
1
4
2
3
0.34483
7
0.28125
11
zEqkNC9d
9
0.58081
9
1.59574
10
35214
7
0.60390
3
13.23077
3
0.14894
5
4.78947
1
11
NbTePErSMb
7
1.06061
2
0.61932
4
0.37500
12
2
6
2yTW6t9j
3
27636
6
zXaaCsR9
6
u3FB7WUbSbK
1
7
2
4
24900
5
0.93182
3.00000
0.12308
1.46923
6
FgoJBEuc
3
11908
6
lPpRxN0uvXqCH4U
3
9986
6
m0CLDZcEd7l
4
142
4
-8999
7
2
7
UAQiJpkEOA
6
0.81731
0.93367
0.50485
1.23810
2
bXyfGnLOxeqO
1
3
12186
6
0.47368
1.01980
1.27619
0.45509
4
0.68966
5
2.18644
7
pSogjwrCgsOXciYy
5
2.32836
3
24156
10
4
33723
7
1
6
0.39024
0.30719
0.25000
1.30864
3
4483
7
uTPwedKZYsAHZ
1
3
21836
10
9
9
5
3.07407
12
2
3
3293
6
HMTBQP6J
1
6
kdJntrf5ZT7
4
cIANYFJWQVD
5
0.59694
0.97297
0.76289
0.76812
7
1
4
-795
4
29571
1
6
ktG4c0BLVEMkZVS5
7
1
3
11721
7
ghkGqPrykK
2
brdYrlfsrSZcoH
10
3
10389
4
19978
6
D0BSfTirydKGtpFZ
3
22311
4
-27179
5
2.77612
2.49153
2.84615
0.41071
1
1
6
u8VmZSEeclYsr
4
33006
4
31397
9
4
nIMfvBRymDDQQP
3
10075
7
4
5
0.76271
1.09167
0.62992
1.18293
6
TZaoiQuPv04x6JBc
5
1.28571
1.17143
1.54783
5.42857
4
39408
7
1
7
lxhoAzkSIPdtOBpA
6
0.42012
0.56790
53.33333
6.17647
5
1.68750
1
5
0.84884
7
BfEerIlJSsNf
8
1
4
3643
7
1
6
0.14754
0.73964
1.10000
1.27857
5
1.00641
3
38912
3
16057
8
1
1
5
2.07229
1.06557
4.46154
0.06369
4
14902
7
10
3
8779
4
-25689
5
0.07143
1.05147
3.14286
0.08696
7
1
10
1
2
36jiuW7vqA7
3
12092
4
34475
6
MHde4EoWa5mIpcek
4
3064
9
3
16653
2
rLkNDFb
6
VampJZet2
4
yKrfhyonID
1
4
JHgTDaoKtGh
9
10
5747
14
1
5
