3
FMPifRc3MZ
1
4
1
11
hGx3vPHTO3
11
f9lxzc
2
0.26437
9
0.66423
9
0.39153
11
iBioBhamO0
7
0.32317
12
1
4
CQvNsjYVhX
2
eiwfkzMOE
1
2
WAKdIvOr
6
YAs78EJrD
7
1
6
J9kQxUJ2pHVsy
6
oA2eUh2P
4
3951
5
12.66667
0.73846
14.09091
1.02762
2
neJgi5OqXp77Me
6
NCnWkviDtzv3aj
4
-13561
2
Pyt3M1b
4
-12825
9
4
ZChQCLLDedvr
5
0.42857
0.13333
2.34247
1.06897
5
1.01163
1.41379
0.10256
14.55556
9
3
0.68539
11
gLl7hTkq
3
0.90909
10
7376
14
3
YQ0tpmT3eHi
1
4
1
5
5.50000
7
2.37838
2
0.76224
3
0.50685
10
36753
9
1.53774
8
2.48485
8
24.00000
4
0.79141
9
1.02424
14
3
NDSOEeGbfuYK
3
ypxxBNcSJRdH
2
{Planet}{     Name    }     kvrtMw   {  #Name    }{Mass }1.18182 {    #Mass  }   {Period     }  0.39062   {   #Period  }{Gravity }   0.11055   {     #Gravity  }{Perihelion   }     0.53704   {   #Perihelion } {Aphelion  } 0.90604 {#Aphelion     }     {   ERadius }  1.28814  {   #ERadius }  {  Radius     }  0.25500     {     #Radius}     {     OrbitSpeed     } 1.33784    {   #OrbitSpeed    }   {     Population     }     393{   #Population  }{#Planet}
3
TLmvIsJZPo
4
4
8
0.42991
1
10
16497
3
0.28125
9
0.84967
14
4
3
11
7vVxq3a68Z
4
4.10526
11
o3rpJXBr
6
0.81679
5
3.37255
9
15.00000
10
12612
6
9.06667
6
0.93590
11
rfAujhhYCcp
7
2.79545
11
HaOw9KBQGa
4
0.12921
7
1.06098
1
10
14832
11
ZSoTrW
5
0.31507
8
0.19178
8
2.55556
6
0.73500
3
1.90526
6
1.43363
8
98.00000
11
gDJJVXyv
4
8.65000
3
0.63333
2
1.13889
5
1.64865
12
3
6
UJemtsx7
4
znRIRPsTJoSj
1
5
6.50000
1.61538
0.12707
3.58182
3
25696
5
1.10490
0.42105
0.58960
0.93889
2
LecyWwdVZQ
7
1
1
2
z6OeUKN2PZD
2
tU5u4cBR84zW8Zn
3
12389
6
N7YIYYTsC7T
4
5168
6
Wis9UfYqGOLq
1
5
1.40426
3.09434
0.68586
0.98529
2
EMT xi
6
hfc9siLs2
9
4
wpfPBmsqfAmVjC
3
14798
4
eGeEUBZvSVHDp
5
1.02793
1.00000
21.22222
0.94845
1
5
2.25000
1.29808
1.66667
2.81034
1
9
6
0.78698
10
33430
12
6
1
5
0.08649
1.77273
1.08242
0.24138
3
266
2
gsrqwbJhC
1
6
k5eg5GrX
2
pKfGRqYkL
7
1
3
3215
2
btijnKyOuU
6
Ies4QGGK
1
7
1
2
hnEOJFCwdT
10
1
9
4
bOthFPydzmbxYq
1
7
1
1
3
37887
1
4
-34679
3
37107
4
18393
5
0.61905
0.90728
2.74576
2.24528
4
-21530
6
Xhm7npHqFlcgCG
9
7
1
6
yRVvyagqeJmrRy0o
7
3
5
0.81421
4
0.29240
4
0.46739
6
2.97143
1.14966
0.86842
1.28846
6
0.53704
4.12821
1.96907
0.27928
7
UwgtemBvNL
6
0.11310
1.25000
0.50000
1.75269
4
1.55882
1
6
1.30496
0.44615
0.78659
1.04808
6
0.75510
0.45960
1.22360
1.22222
4
11.23529
5
1.31034
6
0.51705
1.06667
0.63158
0.89286
7
VnTDBPjGrV
10
3
1398
1
1
7
3
3
26241
10
5
0.36620
0.56024
0.60284
1.86792
4
4810
1
5
0.20800
7.33333
0.38889
2.44828
7
3
8
1
7
1
10
2
AYurk61zGgyq93d
7
2
2
oQgtEVRSoSCobu
5
4.59375
3
33186
6
1.20000
0.45528
12.00000
0.01449
4
36.50000
1
2
EayldGLFwthN
10
9
6
InwPiWbe
6
4aLjYyHORX
4
gzzXMpETwdg
4
kUbIRIbKNKbO
5
2.38158
1.69492
1.48780
0.88398
9
12
6
1
5
3.08108
2.63793
0.50993
1.65347
7
1
2
K1ABD6RQb
4
-28031
7
3
4
1.40426
3
14231
4
0.06780
10
1
7
1
7
COnbeYKEzt
6
6.73913
1.12903
0.79397
1.22222
8
1
5
1.18978
1.11538
1.38053
0.51613
3
http://sxHCt9Wq2hcv.com
7
10
2
qdsXAAm
4
-15234
5
0.82645
0.78906
2.83582
1.23704
4
-23851
2
jS mlvwamOu9J4
6
TGQLXwPW
4
778
6
zVXh4V1rSDbTVLtd
9
4
xFHtWuVyxpZUxf
1
1
1
5
1.31579
2.14286
0.36458
2.34146
6
KmoBBv4qCA
7
2
5
1.12727
0.48227
1.76842
29.50000
5
8.66667
0.53503
10.91667
2.23684
6
1l0T428HcMkhaNK
6
KTUe1CXkSNJNt
6
esH4h4yF
7
2
10
9
2
vXEQaqVujK
2
PGnrWMrJtA
7
3
4
-5289
1
3
10574
6
HWldpqDIiY
3
29785
9
9
4
0.31967
9
0.22283
14
3
GEJv1sx2jS4
3
4CeqBnCtB5
4
2
10
10065
2
1.34586
7
0.30719
3
0.19608
9
9.55556
2
0.41584
8
21.44444
2
1.85106
2
4.70588
6
3.68519
3
1.21212
11
w5JePs
1
6
0.05385
12
1
3
13780
2
KQxyHvNlL
5
1.15753
2.75926
2.48980
0.39007
5
3.47059
2.58065
2.12329
3.21053
6
s4ak76e
3
6581
7
1
5
2.39189
1.23649
41.50000
0.01282
6
sleZi8H04pak
7
1
10
3
30041
3
25098
3
31811
5
3.25000
5.03704
0.78500
1.30769
6
cH6nXeQ2FcR
4
-3228
9
6
CGCl02y
2
UfEwYXR
7
1
2
Bim81B5R9fVXK
4
-27995
7
1
7
SyOQtNZHYMSVGy
5
0.80952
6
17.09091
1.70093
0.73718
9.00000
10
1
2
pxVZ3hcr
1
5
0.73810
0.51366
1.60204
1.55856
4
-19238
5
0.89313
0.07821
2.49351
1.28972
7
1
3
10150
3
37746
4
0.31217
6
4.36364
1.16456
3.37500
10.75000
7
lPozuMdwOKmKU
2
ATbbSVLKV
7
OnhXqNFZvEbxBQXr
10
6
CVHge4nQZi
5
2.38571
0.66667
1.06364
1.59259
9
5
16.85714
1.67606
0.14035
0.09091
1
9
14
5
