2
{Planet}{  Name}     Pzu796cmZ     {    #Name }{   Mass     }    2.00000  {  #Mass   }    { Period   }  0.68293   {#Period   }  { Gravity}3.88889 { #Gravity   }    { Perihelion   }     0.36129{     #Perihelion }   {Aphelion }   2.63333{    #Aphelion}   {  ERadius  }0.27273{    #ERadius  }    {  Radius     }0.41958     { #Radius  }  { OrbitSpeed }    2.20968  {     #OrbitSpeed   }     { Population } 2416{#Population    }  {#Planet}
4
1
7
1.01481
7
0.28409
10
26783
2
0.95135
2
0.16176
10
22146
5
0.33333
3
0.31250
7
1.07746
9
2.97059
11
qILa3GfnnQ
12
1
6
znHxMqdoQoR
1
4
usBQdGFfbKQDtu
2
dyuApJ
5
0.34043
0.01562
2.86207
2.66667
1
5
0.52000
1.12805
1.24167
1.23810
2
AIUmGNDr
2
lgEZsiL
9
4
1.29787
7
3.22917
12
1
5
1.34286
0.28472
49.00000
2.57692
1
5
0.66667
4.26087
1.11111
1.32117
3
7458
7
1
6
EsTL2GQh
5
0.95833
1.35385
8.72727
4.15152
4
11301
4
28729
7
1
10
1
2
y1lyMXS  vag
1
4
9427
4
34914
6
5GdslI5wZc08A
5
0.51351
0.78495
1.19231
1.23077
3
9445
7
1
7
JdvurwQSnhanlbzM
3
12325
1
8
1
4
33010
2
27d8T4KpmSdhX1
5
5.84000
0.23529
1.76106
2.45455
3
http://BnjcQAEQVl8eYen.com
7
7
kuPgpfKHrrJ
7
UFiPdtbAAH
5
5.42857
2
zHqcLWIXvd
7
BZcpCXnmiH
10
7
1
1
7
tYufqjQCsbzI
3
39964
6
0.98246
1.11732
0.29379
0.06250
7
dJhkdUkGug
2
JfszwcbbRFDLo
10
7
1
2
jPIvRLdTN
2
CMYrcISID
10
9
2
hIOrIqLRynd
6
RHJxT2EjI3
6
l0sPrrqv1t
6
7N88krjmNrt
2
dtfaiUjHHBm
2
BbmfwufAlso
9
7
1.96000
8
6.50000
9
2.32927
3
13.50000
10
33713
3
1.13462
8
2.53125
5
1.85849
1
8
1.19136
3
0.96721
1
4
7.27778
14
3
tzdkTxzMrMs
1
3
Jx0dKqgfNm4f
3
jtMnxkDwJWn
4
4
5
1.03191
11
hblPGBZMqg
12
1
5
0.58861
0.86441
0.55618
0.35227
5
0.96791
1.81731
1.58667
2.41379
6
cZoFOisgs
2
qqFnehCkc
7
1
5
0.33155
4.66667
1.07438
0.24096
5
33.80000
0.31633
11.33333
0.87629
1
5
6.18750
0.36649
0.16022
1.17901
6
UQJlXHCWI
3
34355
2
3NGKRl3p
3
3328
2
DgOjVUkv2mWT
5
1.13333
2.15789
0.74843
6.07143
7
1
7
LpuDtlGRMq
4
16.00000
4
0.92857
10
5
1.27723
1.95349
0.14198
0.61932
5
0.23889
0.88194
0.91257
0.59259
1
7
1
10
9
3
24369
2
PjiFuzZ
9
3
9.75000
2
6.27778
4
0.71910
3
0.50521
11
wczkKsnPVe
1
7
0.98276
7
0.05455
10
34010
12
2
3
16161
1
4
PGrPNxKaZbHY
2
tiNQkhjca
2
awWvtFWAFd
2
SdpIjgNiFvi
6
Yk41Cm5r6v
2
MlvdxDymqBu
3
7452
3
12688
9
1
7
0.43617
11
4fP3JLS
4
0.58140
3
0.33333
9
0.95489
7
0.51695
2
1.64815
3
2.78788
14
1
4
3
11
QlXDCtyK
4
1.38384
4
0.97790
6
1.50000
6
0.26087
10
1868
1
4
0.29134
10
14795
8
0.82979
5
0.11224
12
1
3
2008
3
30842
5
0.65385
1.04124
0.90000
0.62105
3
2199
1
2
WKDDVWtgV
1
4
JVpSrjspJpfeF
2
eSNapTHoGD
9
1
14
1
4
2
11
rm4LsJhImPH
10
1169
12
1
6
TAdS7euM
7
1
2
YHvZdgu
3
7891
5
1.60377
0.26786
4.75000
1.18056
6
JIVjvxWgS
5
2.49351
1.52000
0.72571
11.70000
6
LQlckeXpr
9
5
0.65482
0.19527
1.94444
3.42308
2
FaHxKA
2
tZEhVwmcTsb
6
8BVLw3zeQ
2
nVRboNCGQ
3
23594
1
4
ilwhFtEnzQakWI
6
WZ45pwt
3
19531
3
16558
2
hOJzXux
9
7
14.00000
1
12
1
7
1
1
5
0.93333
1.10968
9.52632
0.33784
2
OgzMHPLdB17FNi
1
7
1
7
RVlDLwmTNFOFnl
7
sCWutyEsvm
2
KATrqDEgGdXff
7
VOJYLXKjdfFYzOj
5
0.51220
10
3
7413
2
1BAPiU4xSX
4
21478
4
11146
6
UwmwOfaD4Xd
7
1
7
JDqisJOQwSZd
2
TStpCdsf
4
0.63158
8
1
7
1
10
6
kVXGf76JY8
6
olyiPT6V
5
0.82386
0.24359
0.95312
0.58125
1
5
1.34211
1.68966
0.07292
1.06286
1
5
5.72414
0.93464
1.23529
2.14815
5
0.44697
0.21782
0.75824
8.33333
9
7
1
2
YEKWqssRz5q
1
2
Lrg3RfF
5
0.74138
2.95238
0.25962
0.21528
1
5
1.53571
0.20482
1.53968
16.70000
5
1.15385
0.15789
0.05844
4.67742
5
1.73874
0.20000
0.81000
1.85227
7
1
7
JyhUnWllKVIlPh
10
9
1
4
GDUmjGvwDPGrmjQ
6
ocshPCcyzAT
5
5.05882
1.90099
0.20482
9.50000
4
jzmtIecFlEi
6
4TBUG5B7bGj
2
GFjeqqfLoDC
2
FFtvXBlV
6
d24AhhYufjo
4
guXvAxyCNoKMmYK
2
uljPigaFaiK
2
NxeyROcMOyZ
7
4
3
3886
2
S3ay6ase
4
-12230
2
dX4kHff
4
20667
2
Udfy1UJk
1
2
sZ4vZvK
5
0.30137
0.48731
0.84066
0.65217
1
6
70J52xduNG
4
-4293
3
15689
6
XE4KjB5AhL3y
7
2
2
ZvFDEeIcb
3
24136
3
16002
6
0.43200
2.54545
2.22619
0.54444
4
1.60606
6
62.33333
1.00962
0.71176
1.30263
3
23467
10
9
7
4
2
tTWLseWT66
4
-37139
5
0.89091
2.52941
0.61143
1.20280
6
bmF5trZxJ
1
3
39858
2
JX0F 8r3Z
6
dvEaozFJHOhSmF
3
19272
3
30659
1
1
4
12685
7
4
4
2.92500
7
wLwrlRmxINz
2
VhPqqKVhkz
1
5
0.42384
4
0.39062
10
1
2
y02xvijMj3t5I
5
5.28571
8.19048
4.51724
0.09877
2
j8A6PAiCp
1
4
36922
6
NiUq4yxvo
6
I2vpGMIH
9
6
6vJB2Yap0
9
4
0.38168
5
0.19444
2
1.12500
2
0.07018
14
3
RNImUO9FEDWD
5
