3
kJsPi8ScLW
3
Y07ZsCFcR2e
4
1
6
90.00000
3
0.88083
5
1.50000
3
1.14907
4
0.03030
6
1.11834
8
1.71795
3
1.36508
3
4.71429
14
4
2
2
3.17241
11
nrxnHOr
6
4.70588
3
1.01739
2
0.28571
10
25447
2
2.62500
11
saYtjSJb
2
22.22222
7
1.02703
8
6.94444
2
0.61818
14
1
1
4
1
9
2.81818
6
0.91549
5
0.82014
6
1.58065
2
8.15000
11
3o8EF9RR
9
0.20290
2
0.59259
3
0.03109
9
1.04688
2
0.14130
14
3
zjJFW4WCHZt0
4
1
9
2.01408
2
0.95050
3
0.33838
10
35868
12
1
4
PGQMfBRIBPmZDEv
5
0.89796
1.79762
0.96732
1.00592
2
NDDyaPTIX
4
ZmaPQqnLTIeP
6
WpHyeT47b
1
9
7
0.03015
2
0.62838
10
39881
10
20401
10
34620
4
0.21875
5
1.48000
7
1.00000
11
NOv9PAKd
6
1.36667
6
0.80000
14
3
YG9Ym8b2HQit
4
3
4
0.76744
8
0.80380
5
0.34254
1
4
1.73529
5
7.08000
10
32361
4
0.32117
8
0.11765
5
1.40777
6
0.56589
7
0.62745
1
8
0.20792
5
1.35789
9
0.57471
6
0.23656
5
0.04706
4
0.95420
3
4.02041
11
1hxVx3
12
1
5
0.61765
23.80000
0.17797
1.10294
6
NXrO7GW1or
4
vgGwoBiTDZW
1
1
2
nFPQGj
7
1
1
5
0.14451
0.06061
0.41071
0.17213
4
-37140
1
6
LHPnThu9Zf2
6
RFWH0IZL1M3DwFoh
4
-25033
9
9
2
0.06667
12
1
2
EieVSPzA
1
5
1.11364
0.23560
0.78740
3.45455
7
1
6
XqLcx3IkNiHwRyeY
2
oMnjLBzlavuKN
4
-39377
5
2.18519
1.27193
0.91176
0.94118
5
3.04762
0.07186
1.84259
0.39560
1
5
1.84848
0.76048
0.16788
0.52239
1
2
eZuQSsIMJiMfl7
2
kWgMGsmblQX
9
7
1
1
6
KkVAiyacXK3BCbe
4
25027
5
0.58291
3.30612
1.00571
0.69048
6
uoAYuMvE4Ql56
4
39066
5
8.00000
0.90769
2.09302
1.00917
2
9 r w5zpYH
9
4
YERdkzKvIRSFbPk
9
11
WRBS254M
4
1.62069
14
1
3
N5p3WAqrqM
4
2
5
1.37000
1
3
0.21951
1
8
0.11856
7
0.45283
3
1.06993
10
27532
11
3NuLP3QwdJ
7
0.57353
1
11
opCqqxyqYQY
5
1.45283
14
3
v4ROv2T18a
1
1
3
0EPYqaA7A3
1
5
