3
SL59mcDykH
4
1
4
0.27419
6
17.60000
4
0.54645
6
1.01099
4
0.23034
11
RqNWAQ
10
27002
8
0.23009
1
9
0.49000
6
1.90000
2
0.51852
5
0.50862
4
0.04098
10
23369
5
0.38974
9
1.41912
11
cU2QiLEcfn
11
z4eGGtqNetN
11
Ox1m0PWR5ib
10
15687
1
8
6.31579
14
4
1
5
1.04762
3
0.21488
11
yz5uJVDyJ
10
11444
11
vuDWJeJwt
2
1.21311
12
6
2
anfFNPYVnKd
5
1.12414
34.50000
3.57143
0.33708
5
1.02857
1.21212
1.10227
1.53947
3
21841
6
YukDeTBreB
7
1
4
26566
6
paZILFO8lh
3
13770
2
Qzyt1fypQbkqpcq
6
qrfav5G1qOvb5Od
7
1
7
SIlqUbRyhqJi
6
0.48925
2.02151
0.65041
0.75373
10
6
30NLkMzMt
1
9
9
14
4
1
6
2.75410
5
6.80000
3
0.56667
1
10
33006
10
20668
4
0.18919
5
2.15190
10
24967
9
1.01734
11
SQd720ZOl9
9
1.28369
5
1.86792
2
1.13333
14
3
ogl3pszIsR
3
7wpO2Y2cH9
3
WysA4796oTJ
1
5
