3
jSGP5eA0Fu
1
1
1
1
3
Cxh415exUhcH
4
1
11
wupPLOc99ki
11
H877KZUJ
2
1.01418
12
1
6
04qpT7nEG
5
3.11905
1.42727
45.50000
1.70707
2
sfhqDDAqBq
2
UNWcfHbKOTI
5
0.51351
1.00000
0.25731
1.67241
6
1FtizlS3CX3a
9
7
0.30233
10
36644
3
0.72368
11
bfr9xNXwvtJ
14
4
2
11
EF76JDSq3j
7
3.23404
5
1.97619
9
4.94118
5
1.30337
8
0.08844
11
Ta3PTz4oY
8
2.29310
4
2.25926
2
1.31507
1
11
LbD9qPJ
9
0.34872
11
4gX5KujkEqF
10
38919
1
2
0.86010
6
1.54545
11
XAAIQ5DVHP
2
0.50400
14
3
ZRVUdZvDyZqF
4
1
5
2.50000
3
0.32624
12
2
5
0.32558
0.14094
1.30075
0.27027
6
saRCZeVSXhmA
1
7
1
4
-13078
6
uQiu4SsVOzU
2
kc 95aIamP
7
1
7
BTGlsyArOTxmdus
2
MABZXVtZJlh
5
4.84615
3
20719
10
1
3
32534
9
5
0.75439
2.80392
1.00000
1.30000
1
6
cHRCR7nYh
5
9.12500
0.06250
0.28319
2.05970
2
Hqemvm
5
0.63636
0.43243
0.30000
0.76190
6
yx5oMP2sRDy
6
MHYNyfU2Yd0C
3
38439
5
0.49438
0.53472
0.36585
1.50000
1
7
1
3
35119
5
1.06504
1.57143
5.38095
0.17117
6
riXxd59wVjmntzPI
3
21454
1
3
9132
6
kPX5TPvXp
5
2.92537
0.64045
0.83704
0.66332
6
YZlzFiwPW1cO
7
1
7
kfoZOUBHIPrWVIu
1
5
0.71429
1
1
10
7
2
7
OwagDxFmkrJ
4
1.43750
1
3
36
5
0.13218
5
1.54839
7
rBAsIDQLzFfz
4
0.24503
2
SKbxSzzwFmxi
4
1.03030
10
9
9
10
38872
4
0.00725
8
0.66667
10
35550
1
4
6.13043
8
0.63529
14
3
7ZoWj4QD3dM
3
evE2IlX6Hit
3
B0WcgbBKHX
3
YHcYy1CFJMVL
3
YWu7djqpaevv
5
