3
A6qhCv9R9kFw
4
1
10
37359
9
12.21429
3
0.66879
11
gDFCQQ8oN
10
7771
11
kApqYV9Ml
11
bUGlRW5fcxB
12
3
4
SdKPmDVGZyNU
5
0.70000
0.62821
0.26163
1.03053
6
fFOaFYhy
1
4
DdYNIaAGTMScBcJ
6
ahe51oo
3
24870
5
0.15789
0.37500
0.06667
0.23034
9
8
6.25806
2
0.15000
14
4
1
7
0.05556
6
7.18182
4
3.19231
3
0.51786
7
1.30986
2
1.79570
11
ocpVP2Y
11
rTjvxKdEojG
7
4.81081
8
0.65926
12
5
2
CGjazuyNM
3
31902
3
22515
1
2
KcFHDXypAaA
9
5
0.26596
14
3
P8RkjU7txy
1
3
h48wRkRH5Y7s
3
kDaAnTlJ2geh
3
QiwcqwSiVpE
4
5
4
2.86792
3
0.79808
9
1.14286
3
7.07143
6
0.03191
10
25938
6
0.62759
8
1.18881
9
1.13084
5
0.27451
14
4
1
12
1
5
1.75000
3.16981
0.30814
0.64407
6
fcV8zyDhb
5
0.34911
1.42063
1.12805
30.00000
4
kYWZsqritukGo
3
38879
5
30.00000
0.76471
0.71066
1.56800
6
MnB3KENBze
3
28907
3
14490
2
OlPgEGNrcoh
2
gvSSrRv
7
2
2
Kc1rAIvfVE
3
4503
1
1
6
zvUAPdufw2urhZQk
2
u ioHXRz
1
1
6
jimMMynybZMWIdem
6
mOCbFgZq04PD8R
9
5
0.06780
1.02994
0.04444
1.37313
2
YbpMIItEvG
9
12
4
3
11226
1
5
17.85714
0.62573
2.29870
0.49432
1
3
14720
3
16396
5
7.20000
0.68800
0.82682
0.39394
2
hRnyVbYlNn
2
RAOBnVxoR
9
9
3.88889
11
JPBorciareE
12
6
1
2
HMNkDOQ
2
mHtabHO
6
gt3u3Zkc
5
1.50407
2.93103
0.47590
0.92481
3
25682
2
pyaKclV
7
1
2
7ntF3H7SSfJ
3
23400
6
4nuPDXipk1wE7Fi
2
bVMJeW5CJCqm
4
-1915
7
1
7
FbOmfDjlBI
7
epoJZuKQduKY
2
qjmwUzYPSbqcWy
10
2
DN3iS9IXk
6
08aMRwTl5GOALj
6
LXaZrQraNlJE
6
3vjfHMdA2zIW
6
vuZU2K4u
9
2
SJdIuYlExuM
3
12630
7
1
6
ilQPJwBIH3SA8qv
5
3.58182
0.89785
0.12105
73.00000
4
1112
1
7
5
5
3.66667
6
0.04724
0.56250
0.99237
2.08000
4
0.18878
1
2
hxddGoOE
3
25124
7
qyfncTIqfBjxeIs
10
5
1.73684
9.57143
0.65414
0.14388
4
11391
7
4
7
zrpZQeYhiAC
4
0.63500
10
7
5
7
uVzZKMESwxtsZ
1
6
0.57447
0.13812
2.86667
0.51961
2
LZjUgpDZ
10
7
1
10
1
9
7
1
7
2
3
32752
3
26942
1
7
nXpCkEeJJbJWW
10
6
TDn6HGFONtej
1
1
6
12gIHJdjsUM
1
6
2r3iIwNa92k
3
33551
3
33091
3
15859
4
-7098
3
15894
5
0.08247
0.36181
0.22642
0.48276
4
25803
1
6
4ZSuaKzy5MdKAnta
9
5
7.00000
0.81752
2.38750
1.20301
1
9
8
1.66949
10
20373
8
0.15596
5
1.27564
12
6
7
1
2
koEEEmVauhE
5
1.18803
4.47059
1.18182
0.95312
4
10180
2
9wG6Bk7bukI O
4
-36203
2
3V6woY2ZqxHx
1
4
30561
5
0.80822
0.38333
3.87805
1.01439
7
8
7
trtGhZaxSIyVJWA
3
26347
8
1
7
5
0.34021
2
ExhLOiRzaWW
5
1.87671
2
cIOLMRusLppadw
10
4
21823
4
-9043
1
9
1
7
1
4
-9900
2
h Npyw702E
7
2
3
28597
1
7
nBFyBwSMYQwDJ
3
33886
6
1.27097
2.87931
0.82759
0.48571
7
PKryeOsCVDiSb
1
3
32678
5
0.25352
10
7
9
2
HnUfLfXrtMyl
1
3
39147
7
fZxVRRrKBkulUas
1
8
1
2
czz0GyhWB2qoZG
7
6
0.87379
2.54000
3.42857
3.23077
8
1
5
22.75000
0.46471
2.32836
1.63441
7
5
0.26374
4
0.38217
10
7
7
2
hadzrLeczvHkiau
1
7
tEKBBQOyHZddz
8
1
5
1.09143
0.33158
1.86207
6.06452
5
0.46328
0.64000
1.14035
0.49686
7
5
2.22222
3
14659
4
0.42748
5
2.53125
2
PSpDccCXRoyNzcFvA
4
0.44199
8
1
2
BCgvfjflsYKO
3
http://BG0WYZeS1xkpqk.com
7
6
1.96970
0.06557
1.03627
11.50000
7
zTXCGvkGSbik
8
2
2
pHa59eFbzqCYu
2
HbIE9bGiqy Vhn
2
TdTBUMrxdt
2
m5tzowu3YsDEmMY
4
17787
7
4
0.64835
1
5
1.73913
1
7
YMcXKqeFWECMnO
3
24581
4
0.35644
6
0.04878
1.63636
1.65909
2.95349
3
23585
8
2
2
0zwNvRFUlA1
7
8
2
7
10
5
2.06250
1.01053
0.29500
0.02381
5
2.14458
0.34507
0.16667
0.67010
2
Cns HKiNc0
1
7
9
3
7807
7
EdpgGXSiaxUfWN
6
0.15789
0.83799
0.51579
4.22727
4
0.41667
2
TdMotKVjZkQZ
10
4
-629
9
1
7
1
1
1
1
2
mKHFQpzVa286v
3
24980
2
KlnhG2fIBL8vF
2
CxGDppj
3
22594
3
34619
9
4
QFNHYycAOw
7
1
2
uA OmnEXwVd C
7
6
10
3
27311
3
4996
5
4.82759
0.49462
0.26829
0.01325
5
2.42105
1.07692
1.70874
1.39796
5
0.28025
1.70455
0.60000
0.15060
3
25146
4
-6466
1
9
3
4754
6
MMK9s0Nwr
2
kzuzKTEjRN
9
3
1.00000
1
6
1.00000
11
b5tLLOz
14
5
