3
7zhQx2JeX7C
1
3
ehvdKXXqtG
4
2
9
1.27642
9
0.83444
7
2.57895
3
1.70130
7
0.88312
11
bsMl6dmCC
2
0.61579
2
2.75758
3
0.23684
14
4
1
5
0.93506
10
17970
11
jQav03ZjWMa
1
5
0.23729
5
0.59043
3
1.18382
6
0.94167
14
1
3
QTtaJKamDQR
4
2
8
3.21053
1
12
1
6
qdiIFk780
2
OXYnRVGbr
3
22403
3
19886
1
2
eafyJLeLk
1
2
BPgfMUE
7
1
1
1
3
20014
1
2
VIsoq0wwK
6
oTe982VYzNKu4h
9
9
5
0.12346
4
0.12632
5
0.57447
4
0.23810
12
1
7
1
4
-39755
7
1
7
ouSoqEjMqV
1
2
juiihcNKJQ
2
TDFVZztBlTYeM
6
2.10843
3.79545
0.92000
0.62329
3
635
6
0.43103
0.82738
4.69565
3.85000
5
0.45283
3
11099
4
1.95946
1
2
QMgbEkQxgEyipn
7
ElxPTcOzByYDSb
5
2.39286
3
24167
10
1
7
1
6
8.40000
1.90000
0.13228
0.55000
4
2.02041
3
79
6
0.67045
0.08889
1.85185
1.60000
8
2
1
2
QK3RElHQZ4
1
7
6
3.52174
0.81013
0.09140
4.00000
2
HaExUPrJjTtpNa
1
5
0.19149
1
10
7
1
6
0.59459
0.89041
0.63333
0.93478
10
7
1
2
efZIJlSDgaubE
2
UQFddYOdrAmZT
10
1
1
5
0.57219
0.50254
2.12857
0.38750
6
XK1O3NoUa4b
1
4
17608
9
6
vGLisLmkBdwD
2
DjORuCGf
7
1
6
JyhchRzINmiJOZ
3
6809
1
4
5679
6
4vsE8TNPuLx
5
0.50000
0.81081
0.27465
2.05405
7
2
7
UrCpGMPDKJuY
6
1.01163
1.11194
0.05085
1.76056
10
4
-13743
9
2
IJdwqsaYrJV
5
0.84211
2.16667
2.54545
0.48000
3
22717
3
6591
7
1
3
38336
2
JXPCHVkH39xMrP
5
0.32105
0.34731
0.48387
0.28667
4
2120
5
0.60241
0.76744
0.22059
0.88095
2
2QMSYzCq
4
7872
9
4
DpNizPlJEn
4
vnFQaeGUaO
3
39513
3
7032
5
5.40000
0.42763
0.32184
0.57927
4
PFcXxZumbG
3
26348
4
TPhqjCFjbbtjU
9
14
5
