3
SrJLbnnmA9Yj
4
1
5
2.62500
8
14.80000
11
HTmxzJr5dQ
9
6.50000
12
1
6
nV49BRWG3D
6
am40Mj8CWt
1
5
0.56911
31.33333
0.33548
1.95556
1
2
JkFmkrD
6
ZmILNG8Y
9
6
1.23602
8
0.49558
9
0.96203
10
33543
3
15.00000
7
0.22917
14
3
hldgDAXRcQ
1
1
1
2
{Planet}{ Name  }   aCDIf    {#Name     }   { Mass    }     1.03817   {#Mass }{Period}  0.97826 {     #Period   }{ Gravity   }    4.06383{  #Gravity   }  {    Perihelion     }3.12500   { #Perihelion    }     {     Aphelion }    6.48000     {  #Aphelion  }     {    ERadius     }3.16364{   #ERadius   }     {    Radius  }  2.01064    {    #Radius  } {   OrbitSpeed  } 2.42857    { #OrbitSpeed}    {Population     }     1412 {     #Population   } {#Planet}
4
1
12
1
1
1
1
3
23834
2
nUBMIjMMBQh
4
STVqssHvDtEPhaR
7
3
3
26222
6
FhO1J286
1
1
3
19640
3
14993
1
4
-13511
9
9
7
9.27778
4
0.91515
4
0.78000
6
1.53846
9
0.97143
3
0.80142
8
1.16667
10
11260
5
0.85427
2
16.40000
10
23717
2
1.24828
7
1.33708
10
34624
12
1
7
2
1
6
BmzvuCPsT7Xv05
2
f8dipXLStGdv0xe
4
-11799
6
QDsbR7aX
2
nizoSsh
6
U3v6vtl1x3zyQQX
5
0.08808
1.87179
0.70879
1.51351
5
5.96970
0.75610
1.21569
1.34000
7
1
1
7
gvUTKaJlWnU
2
IVPxhwdOqKkbMmFR
8
1
7
10
3
38465
2
PY8x5 vprENE
2
ZzSZtjbz3FDIAj
5
2.66667
0.31111
1.93204
0.45902
2
uYKMD460B
1
9
4
uAnUhwtCpIAVHOC
1
5
1.60360
1.64151
2.58621
0.77901
1
2
ekiYUiKjS
7
2
4
-4385
2
LOJzXEZA2M6
2
3vmQ9Gi6tK7R
1
6
6Juer5AS
6
wT5f4gQcjkLjXy4
4
-14811
2
fqKuedzJm
2
EwUootJp
5
0.36047
1.07027
0.29452
0.04020
7
1
1
2
bhQbATVgnGaOdfqPh
1
1
7
MnCqNFEcbBqur
5
1.22500
5
2.41071
2
eRxKrxbiQkGfisib
8
2
5
0.67391
0.39362
0.38679
1.05263
7
6
30.00000
0.71171
0.11446
1.00000
2
hUWZNWTrKiC
6
1.80488
0.82014
0.74074
0.76136
3
4540
8
1
3
http://pnDTeXO4pT.com
1
1
2
DptLKjs8zcKNlv
5
1.85227
8.12500
0.10072
0.83212
5
0.41954
1.59130
1.44304
1.01695
3
http://vpY7H4T4c6F.com
5
0.88770
1.04046
1.05357
1.72727
4
7238
5
1.20870
6.16667
1.30631
1.04196
5
1.60000
0.63077
0.15385
1.37719
4
19342
4
36129
7
8
2
7
4
1.40323
7
XlAOhbKGOlDeYGt
8
2
7
10
2
UjiwmTrGAYTFm
3
18999
7
5
6
14.00000
0.67232
2.88525
0.54082
3
37173
7
jZWKxgIpJbzNYB
7
wJxlwLlgLJgMLn
3
13573
8
2
7
4
2.05263
2
YxKGdTMkzXrMd
10
1
3
11857
3
20457
4
6968
9
2
vuLHXIWl
1
3
12982
6
buU6swdIQyI
1
7
3
3
24672
6
UUpuCtEkcpcdzb
5
1.48684
0.95082
2.34426
0.11561
7
2
3
1072
7
QfeEawSGIkmxx
8
1
7
6
0.22404
0.81407
1.07831
2.54839
7
kodGgeCVoihgcx
2
rWufisPLCh
8
1
1
3
http://9nXkt6m75b.com
1
3
http://iGuwQDVuK3hAI.com
1
7
10
1
1
1
1
6
GaY4f91C
3
38081
1
4
146
5
0.56863
0.14765
3.50000
1.37903
2
PUk9PwSb
2
bwpBVUnJq
5
0.19231
10.35294
1.24658
0.76364
4
-26364
5
1.32353
0.58824
5.31429
1.33333
2
sZefjHBddb
1
7
2
8
1
7
3
10472
6
1.18667
2.43662
0.00885
0.49102
10
5
5.47368
0.50943
0.41250
2.87805
4
-30565
1
2
XftBGfqgKvL1ftK
3
26185
2
qoK7fG
4
-32785
3
18776
1
4
7544
7
3
4
0.50802
7
YYjUofancrZTDEBX
2
eAOTCQMUTbho
3
25230
2
xUyoKGNMTgSUsX
8
1
1
7
2
JKGVWhnDgvbbHe
4
0.60274
8
1
1
3
http://w7fqJHcqZepW.com
4
9440
7
3
13945
6
3.86111
4.28571
0.09896
2.38272
7
QOnJEjRYwgFGK
1
3
15408
10
2
QqHCqMCIHP
9
5
0.75172
3.74419
1.74747
0.90551
1
4
eXNquoVzTBuU
2
nbVxdvFADvh
9
12
1
7
3
1
3
4474
5
0.08730
0.66129
1.25185
1.00840
3
18386
2
5gxTyW3fT
2
bbDrHfdcv9E0ih
5
1.40000
1.04098
5.43750
0.06486
3
34625
4
-30094
4
-20088
4
14751
9
7
3
3
19022
1
6
WdGLOAnhHabzqUh
2
57hOZnZ39A
2
HqZXrgHgHPZzD
2
LBkbqneZvk5DP
7
1
1
5
1.55556
7
USDxqYYtZsq
2
jWKxpHseEGRCEMNb
10
6
yE91F3IV8RvzBOi
7
3
7
RVKXnhroVmU
6
3.36364
0.50000
0.83420
0.21698
1
8
3
1
7
10
5
38.00000
1.00595
2.93878
1.66667
6
BXHz26AaWC
7
6
2
RdBvOvGhsxQL
6
30.16667
0.17391
0.98864
0.94505
6
5.22727
8.73684
0.49189
1.91489
2
DiwgFKZbdZKfEnVe
7
AQUdlsTwSxOsw
10
4
-6218
9
3
24290
6
8WCUZnekui
6
TKbt3XI9SuMz
1
1
3
28113
1
3
34864
9
7
1.44928
6
1.67925
14
4
1
4
0.82424
5
0.70312
5
1.62903
8
0.16216
12
1
2
kMvUod
7
3
6
qgyIlDqU
7
1
6
0.40223
2.85714
0.25166
0.78947
3
19459
8
1
3
http://T3N6FMcZOWoM9.com
2
l3GpzQA32 1
3
http://zUy5VQ0OnWZlX.com
3
http://331ApKKEAZC.com
2
Cfw2jLcIuKNB2yW7ivn
5
2.30000
0.33503
0.16667
6.60000
4
1285
5
1.33333
0.39130
0.71134
0.29775
3
http://ikMT2AEIAE.com
2
6SVwp0RXPwTuw
1
4
35745
4
1907
7
8
1
7
10
1
2
vT9Xa6mWKg
1
3
39974
5
0.80247
2.15517
0.49123
0.17355
9
7
5
1
6
U9z0UihnA
6
4W3yYRquv
7
1
6
2.17442
1.57944
1.16000
0.63750
7
KHFZJtoyGEYvyu
6
0.59690
1.07143
2.95238
0.87500
10
6
wGl3zEUTI
4
32535
1
7
3
4
5.57143
2
HJXCMvtyZXARgG
10
9
2
mtjmifQU
6
Ca44iam2R
3
29360
4
kwqYHIzdkysCP
3
23179
5
1.50769
6.08333
71.00000
0.38462
4
TdjlFcUdVsmT
7
6
5
0.48387
1.13529
0.47368
0.58750
1
6
XzHfUfCV7
4
-29193
4
-19407
6
Zzf2zo2AQ9DRhk9
4
-23935
2
qK88WqbxtgZ1vcr
9
9
2
1.25316
3
0.12903
6
0.07258
8
9.92308
6
1.34921
6
0.90210
9
0.22353
10
25049
14
4
1
8
1.34940
6
0.59184
10
22660
1
8
0.74033
9
2.25000
14
4
3
7
0.76882
6
1.85294
5
0.08442
11
FG04oB6R
8
0.17895
11
SMWk2LEe
7
0.26347
3
1.19231
5
0.89062
3
21.83333
8
0.25000
5
1.08805
2
1.02597
4
0.63776
12
2
1
6
zfaFGFkLcE
1
7
1
5
0.53049
0.90741
3.75000
4.52500
6
wA2AI7q7DxRB
1
1
5
1.40741
1.36800
0.32710
0.92308
6
6qblOdTUAUOv2dLx
4
9442
9
1
4
kXKrVDMyYsmGIo
6
2GoAxMzt7dLM
2
Kqxkbrg
1
6
qq3zpDbmQv
6
QkTzDi4rDaZq
9
2
1.12931
4
3.25806
3
1.28788
5
0.51562
3
0.58182
14
4
2
5
0.50562
10
20680
4
0.15789
11
DQXQYyqHzuz
8
0.31034
10
13463
3
3.87500
3
0.48315
12
1
2
OzgnxgvGAW
5
0.10345
0.71970
1.01705
0.51064
6
Q1QSi8HCzkh9
4
HpcUWIKKZuAC
1
1
9
10
23579
14
1
1
3
rmbf8Ae05L
5
