3
9rRprDez7TU
3
iSvzDuhs2Yke
4
2
1
8
0.64881
10
17606
8
0.54110
5
0.04878
8
0.31373
1
3
0.95000
14
4
2
11
UrOrnMGG8L4
8
0.57265
6
0.33588
12
1
4
HcvkORHNylyzSF
6
CXZqezklluV
4
IPTeWIleUAITR
1
3
36239
7
1
6
C1ZaHzLWXqspU
4
-32724
3
34681
4
23034
2
sdoLWl
5
0.60773
0.49242
2.31746
1.04651
2
0JfTaBei5I7
6
NpCqOTj7YM7jKw
9
1
5
2.82692
0.66038
0.71429
2.36111
1
9
1
11
OYbg4ntH8QY
8
2.45000
14
3
L3aro6OIrgVI
1
4
1
11
7EpkaAi
7
2.56452
6
1.33333
2
28.16667
3
0.77477
8
5.19355
7
1.44915
11
mRMHZdf9bPF
8
0.24096
4
1.00000
2
1.39683
7
0.35211
3
3.43750
12
1
6
tk8Dvqpt8vm
2
OQlTKjocDQE
3
8904
5
4.64706
8.25000
0.58824
0.77174
7
1
6
XfAaHz10n5
2
p KOC84zZczN
3
8514
2
JQFcpK
3
35831
5
0.10680
0.38172
0.19643
0.51190
4
-11810
5
1.39130
1.80952
0.74719
21.28571
6
Ig0zVr9dsKwJFd
2
OlWcFgKSOuHpHL4
5
1.15436
5.25000
0.50000
0.67123
9
3
23862
5
0.39735
1.46324
0.02597
0.82787
6
YLEYVGw19GD
1
5
0.89683
0.83784
2.47368
1.26000
5
0.35644
1.13158
3.54167
0.07463
2
aNXAXFmZynL
1
3
19069
9
5
0.93651
10
8757
7
0.79762
7
1.57143
11
v6HZtJB
12
3
6
SC366PIhUXM
7
1
6
AhxfKPAb
6
KUJBJ4K7ckWaqDqF
3
25604
2
wyR8T0oX
4
39227
7
2
4
0.45902
2
YBNDHGxUgicKCJb
3
19797
6
0.08462
1.15385
0.41667
0.04569
6
0.67021
0.39860
1.31788
0.67273
7
uEOIxwKKCBgZh
8
1
1
7
10
4
-7850
1
4
8613
7
1
1
10
9
3
9317
7
1
6
SK46kly6p8
7
3
6
1.37143
2.80000
0.75862
0.42857
7
ZRXmQsdbwrfYqhe
1
6
0.45198
1.12281
9.23810
0.38710
5
0.66667
7
HhXUtaTZNpzKhmF
10
6
AVqE7pbsynwI3sb
2
VrR7weVhN0
5
1.02941
3.39286
1.20455
0.25806
4
23664
6
ZYRUKebhFAplF0Wq
9
5
6.56000
0.76364
0.41549
3.45455
2
gwNqMJarx
7
1
2
aNtWSd
2
LAhJA7LAqNqv
5
2.00000
0.42138
3.14286
1.12752
6
8Ip7UYcuJHtVNO
5
0.31325
1.05464
1.26250
0.39535
2
CqTVARcEWbh A
6
Z900szhO3
4
-34143
1
7
2
7
zzYaeYwwxQqf
1
5
1.21600
10
5
1.67391
1.02614
0.28042
0.04278
7
6
1
10
1
2
jxAbgGJ A
6
QhQDtaZC
3
32256
3
5413
9
2
csumQxF
9
9
2.65714
9
0.25325
2
0.29143
11
TSQ24tlXeh
11
0CyGHPcAYpf
11
uHJaT5L
4
0.85549
14
3
tkOwGSeLQg
1
3
JZLlW6qGUxQR
1
4
1
10
13905
12
3
7
1
4
-4005
7
1
1
10
5
0.01887
0.97600
5.00000
1.29565
4
-29876
4
22090
1
1
5
3.81818
1.90411
2.30435
4.53333
3
21512
9
2
AvrMubat
5
3.15094
4.62069
2.54348
1.48739
6
3BXqVboaGs
4
ZQdhTIxYgBSfM
5
0.53205
1.13376
83.00000
1.50459
1
9
5
1.57759
11
w0cwdHS6qK
9
0.59504
7
0.84393
4
58.00000
1
14
4
5
1
3
53.33333
4
0.76190
10
21940
10
814
3
12.83333
9
1.31818
9
12.71429
7
3.14634
6
2.89474
10
13274
1
11
kFWHa0mHM
1
14
1
2
{Planet}{Name   }   HC3WuiDsQ{     #Name   }    {   Mass  }   3.76471    {  #Mass}{   Period    } 3.11321{    #Period   }    {    Gravity     }  1.27338    {     #Gravity    }  {Perihelion  }0.21053 {    #Perihelion     } {Aphelion}0.46324  { #Aphelion     } {    ERadius     }1.28448  {     #ERadius }{    Radius   } 4.42857{   #Radius   }  {     OrbitSpeed   }   1.55556  {   #OrbitSpeed    }  {    Population     }724  {  #Population}{#Planet}
4
5
3
0.02857
3
4.00000
9
0.34194
10
28093
5
0.41916
9
0.43434
11
YO0TNg
8
0.72881
3
4.87500
9
0.04188
12
1
6
wlMowphizcU
2
LcSSAFSP
4
SfnWpjUCojUYT
3
12123
6
eTSQNGKC
2
TEIXbiG
4
LzQUXekRoWWEzmz
2
EdObbKKYL
3
24237
7
1
6
TGFXgm2T2YPrgPc
5
6.33333
4.32143
1.04651
0.12025
6
vybjpRiEgXyOCs
1
4
-9269
4
-18383
9
7
1
4
-26562
5
1.97030
1.15152
0.46842
0.87805
6
URmLbAB8OmINbo
3
8052
2
Zt7ePff3n5ad
1
2
zvhaM2QMQz
7
3
10
9
1
6
PGBOGqVdRgt
1
9
14
4
4
3
2.53846
11
Ltwm03JYio8
11
pFnRP6OM
1
2
9.00000
7
1.12025
10
14222
10
21174
4
0.36449
14
5
