3
uMC2sLof5HS
3
9ZqkhYkG4RMv
2
{Planet}{    Name } YeDeg4m6z{#Name }  {Mass }   0.43827    {   #Mass    }    {  Period  } 0.95484    {   #Period } { Gravity    }   7.19231{   #Gravity } { Perihelion } 0.22917 {   #Perihelion  }{  Aphelion    }     0.62143  { #Aphelion    }     {    ERadius  }   5.15625{#ERadius    }    {   Radius     }5.62500  {  #Radius     }     { OrbitSpeed }  11.38462    {  #OrbitSpeed}   { Population } 822  {    #Population}     {#Planet}
1
4
1
5
1.02703
11
WApyuN2
1
6
1.66250
9
10.77778
2
0.20513
3
1.55085
5
6.80000
7
1.27586
14
3
YvaT4jc9hs5
4
4
11
5mUCnH
9
0.22424
8
1.17123
7
0.36842
2
0.61290
12
1
3
20548
3
9012
3
10736
5
0.06897
1.60000
0.38265
4.30000
6
rXvO1fSv
5
0.87821
0.93529
1.42424
0.83333
2
uEyglAY
6
5ZYHkxeO
5
0.07000
3.72093
3.86364
0.85714
5
1.35484
0.30645
0.49398
12.88889
6
CZGaVp4
6
iULsAVK0
5
0.14286
0.43182
1.02703
3.39286
9
7
1.24031
1
3
0.66438
4
0.22156
4
39.25000
4
0.71074
1
12
1
2
HSEmbejd
7
2
3
1806
3
17276
4
-37096
6
ZUCDA1kfd
1
5
15.00000
0.37234
0.02717
1.77895
2
iRnLC9912 7i
5
1.22857
2.17500
2.09677
0.48148
6
BdogpPojUOA
9
2
thMcNkjyFSs
5
5.96774
7.00000
0.22388
1.08247
7
4
3
15354
6
i318jTE3oW5
4
-12318
6
rpfDTD1W3
5
0.48387
1.09259
0.60248
1.16239
7
1
10
7
2
3
7014
7
mKZvKbflzJdLUsxt
10
4
-18750
7
1
1
6
64.00000
0.08021
5.23529
1.22131
10
4
-15165
9
2
OylmKBSDEzY
1
5
0.72656
0.15385
1.22222
0.50000
7
4
4
-14083
3
26262
1
6
bBLkNMcI
1
6
ubtOfgUOp94
5
0.32558
0.36036
0.17033
3.33333
5
1.78431
0.52356
1.24272
5.50000
9
7
3
2
lEF2HIfFvSZVg
1
2
FhqUsLM 6bckJ
1
3
2032
1
6
MaSNmzArUjKRJ7GA
5
1.04255
0.02174
4.10256
0.58140
3
28164
1
6
w5H84gd55h86sNl
9
9
2
1.95833
9
21.75000
9
0.64246
7
4.42424
3
0.22876
14
4
2
9
0.38806
10
19669
6
21.00000
10
22990
5
24.80000
3
0.88406
10
36713
14
3
ioL17lYJqd
5
