3
gXxE3lzlnbW
3
gEUnjd30eZM
1
1
4
1
6
0.01282
11
2se3YV
8
1.31008
8
1.59434
5
0.65753
14
3
LYHokJp4eLEU
3
ofxbZIfr1Cz
4
4
6
1.60606
2
2.90196
10
21369
9
0.55862
3
26.85714
6
1.14024
1
11
4uhXn2JPvF
10
25208
1
12
1
2
FMbAVg
3
33389
6
xWyRFyI
2
MvwDOA
3
39061
4
btNcNdcPmJ
7
1
1
2
7FnlsaEny S
2
rI4Alo
1
1
1
3
4517
6
ykOV5W0YVtRl6
5
1.01471
2.77419
0.30534
1.20870
7
1
10
4
-12502
1
9
7
1
1
6
HNWhJVjsohM
2
iAW59n
6
dV9LbPmfFI4CsB
2
b3Ts6HxCW64
7
3
7
tYEhlsWShOGcuFSa
3
22485
1
4
1.73214
5
0.42935
6
0.90526
4.11765
2.94118
0.31707
10
5
3.41379
0.59375
1.86022
43.00000
7
2
6
1.12883
0.80357
0.38621
0.70115
4
0.09821
7
HBdiuihotArS
1
1
10
9
1
2
hbdGunr
9
8
0.49524
9
0.36082
7
21.50000
1
14
4
4
10
38157
7
0.90960
8
1.00000
1
7
1.40517
4
2.57895
3
1.09740
9
1.14516
14
3
XZFYv0fJBhLs
4
3
11
TTMpft1oJ8
11
5OZcaP5
6
0.42105
10
22318
2
1.39175
2
0.63218
3
0.61905
10
1034
3
2.46269
12
1
4
xjYxtePHhgRGHoA
5
1.22368
0.08333
0.25000
0.45000
6
1JYosDm7nwp
7
1
2
Peu7TTNp
6
iDCzHiyufvo
4
-17094
3
5673
4
2082
2
v9JtzoG m
5
0.26190
2.13043
1.23913
2.78571
6
mm4ReOifRGsapY
6
BKTt6Xy2m
9
1
1
3
18641
2
NsILDAr
2
ERzXRTUw
3
15461
3
12129
3
33088
4
hzXylsZrrP
4
UgkIhtaVgh
3
7149
9
14
5
