3
gJisiEoArPl
4
1
11
yoekux9yEbT
6
1.56000
8
1.27132
8
0.44444
8
0.61202
5
1.92233
11
z3kovQf8HNh
1
3
0.74490
8
0.66667
4
0.14516
2
1.00000
2
1.12727
12
1
3
6750
4
CeZOiPxZvKVVl
4
pnHRkMXtzPLegIm
6
LeC1GoWtQ
5
0.22656
2.03448
3.79412
14.63636
5
2.79487
0.86842
0.63333
0.20513
2
mUUSTgLccEm
2
EvkYrHhIMy
1
1
4
cvjmLqkuDO
6
LRDQY1FRch
2
RMAIBvNxbu
1
9
9
1.62281
7
0.56742
12
2
6
hGROz5esGJM
7
1
1
3
28143
3
28191
2
ngjDty
5
0.10092
0.36000
1.03614
1.22917
3
32097
5
0.43750
0.92105
0.86087
1.09615
1
9
1
3
14510
5
168.00000
3.63462
0.53913
0.62914
7
1
1
1
1
5
0.03704
1.15000
0.48148
0.52717
1
2
nJwuPKhLgqbnOel
2
V2JwQVfjAcU
5
3.73913
1.83178
1.10692
0.79630
6
qwZbshKQ
5
0.55556
0.67961
1.29787
1.49194
2
QPudG1T8
3
22628
3
30444
9
1
5
1.96000
1.38384
4.70000
0.09375
7
1
7
1
7
AgRPjVtrNwQMIdM
3
1255
3
28174
7
EZatFsXBTL
6
1.50000
0.08176
1.62791
38.75000
10
3
9245
7
1
8
2
3
http://fxdOVcAe5XCpau.com
3
http://P8KIECRABHA.com
4
4340
3
http://VygkLe6insoK0.com
1
1
5
2.30120
0.92308
4.42308
0.25893
1
4
37777
2
uCjPN7meNJPXt9f3m
4
3484
2
5Xg0nyNC3RCFgm
5
1.06667
0.74372
0.06207
0.75000
1
1
7
10
3
6588
5
0.70423
2.47500
1.30189
0.07538
1
9
5
0.57143
1.17073
0.46707
1.19355
3
2155
7
1
1
3
25840
2
1z0uGnVB
1
2
91eieqHa
4
15994
7
1
10
4
37491
6
Dg4O51Gztk
4
-20624
5
0.86667
0.66423
1.45455
20.20000
1
2
NnNjwYxKHip
7
1
10
1
9
5
1.96471
0.78736
0.35484
0.15833
9
3
1.80000
6
0.84884
4
5.04762
14
4
1
12
2
6
Se85tQd26n
5
1.17273
0.17797
0.52874
2.23438
1
4
UuVThWikLVaNc
6
iyxF7UpIZj
9
7
6.57692
6
1.47706
12
2
2
UbdvxPT
7
2
4
4665
6
D6Be42Kfx
3
27020
6
F8CMMhkhupY
3
24809
1
3
1150
9
2
VEcyDp
6
w7JZFCk
2
LQBGjHJVQ
7
2
1
6
EVEryJUmlqG4gT
6
5HsFotJlF
3
18571
5
0.71765
0.25210
2.03846
0.10465
5
0.86957
0.52105
0.09524
3.35294
3
27334
5
1.89024
0.33333
3.55556
1.17757
1
1
9
1
3
25787
4
VDXjHSjqThjS
3
23606
9
8
2.47619
2
2.22222
4
0.20109
14
3
ENsOfrNm7sA
1
1
3
ygO6BmyDkpVL
4
1
4
0.39007
2
9.69231
8
1.15686
6
1.63115
6
0.83908
10
32786
10
14268
6
0.77622
14
3
sNt3kYF9X6Dc
4
1
9
1.57143
2
0.49102
1
2
3.52083
12
2
2
kBCLDzdDq
4
bzxVTARDQuwXFP
2
iuPziYozab
5
1.51351
1.02976
0.97576
8.37500
1
1
3
20423
3
27597
7
3
4
949
4
31261
2
wvyk8Ob
4
12141
4
-4477
6
ODT2g0RQN0eNIW
5
0.62687
2.90000
0.85484
2.77778
4
-27218
7
1
7
LFLFRSrHXflQuwpi
10
6
lAth4VYcLyWk
9
9
7
1.26786
3
0.13158
4
1.04762
7
1.21905
9
1.05556
7
0.50505
14
3
85WRvIgtNzj
5
