3
0Zz7jCNwzhm
4
1
11
XNWLnN
9
3.49020
5
0.57778
8
1.72131
7
2.55882
9
1.31818
2
0.80952
3
1.05263
5
8.26087
3
0.49485
9
0.72340
5
1.91026
2
0.79518
2
0.19008
2
0.38202
14
1
1
1
1
4
1
10
12960
1
5
2.97500
6
1.71264
2
1.08333
8
1.72000
4
0.18182
7
2.44828
14
4
1
7
0.70588
5
1.82857
9
1.41837
1
10
21971
5
1.65217
10
17992
3
0.43478
9
2.73770
1
11
Ii5Mc7Q20
4
0.79245
5
22.00000
8
14.66667
7
0.18852
10
13326
2
0.68707
14
1
4
1
6
3.26087
11
agabIvi6fGK
7
1.11667
1
2
1.20513
8
0.89908
2
0.98958
10
3413
3
0.11881
11
poxG6j2
6
0.91892
2
1.33333
5
1.11224
5
1.23529
1
12
1
3
36879
2
BdfWQjPXkM
6
zHYW7rmuYyp3
3
15500
1
1
7
1
2
JF9r9eeLu
6
OPgrMLSU1
2
oiMHZG2nByZm9
4
8766
4
17713
5
0.39623
8.42857
0.02564
0.73077
7
1
1
6
0.30159
4.33333
0.88679
0.75263
10
2
LSS5vDGeRcG
4
-1306
7
1
10
6
QVy4AX1q
2
BYYtA4kY9j
4
8003
9
3
9638
9
14
3
BSoSwf5Nc6E
1
1
2
{Planet}{   Name}  7D7J9N7Hgy{ #Name   }  {  Mass}    1.75728   {    #Mass    }   {     Period  }   12.77778{     #Period}  {   Gravity    }  1.28571   {  #Gravity     }   {  Perihelion   }   0.84615     {     #Perihelion}    {   Aphelion    } 0.14516    {    #Aphelion     }    {   ERadius    }0.16402{     #ERadius  }  {  Radius}0.47090  { #Radius  }  {  OrbitSpeed  }0.07692{    #OrbitSpeed   }     {     Population   } 2591     { #Population  }  {#Planet}
3
b2KR5AL6PR
5
