3
LtXLjfhET96T
3
2dJbzXiYdVSo
3
7IN74UlvZl
3
jDlkNSCEnp
4
2
1
3
1.20741
1
11
bszyb4lSWFa
12
1
2
NUPovjf
3
31130
6
Sf1VhyDaI8gD
2
OoGIHmpYk
4
GguGlzDMvK
3
29857
2
VlzpDLZcol
9
1
3
1.83178
2
5.23077
12
1
2
IbXgNHbas
7
1
6
DjbKBx5vkFMTeQ
2
ZfnB52Wile3Uu
1
7
1
1
10
1
7
1
7
LLwvIWaoqeDBSj
8
1
7
5
2.80952
3
16072
10
6
ewRUuqbeMbqTFGk
7
2
6
0.01227
0.19737
8.33333
1.07143
3
12470
4
0.30435
5
0.21547
10
6
0WBIs7YvLIf
1
5
1.12346
0.34146
0.77931
0.80226
2
Jjkyd3
4
-18366
3
816
4
-1476
6
7ExvcPXWHE
4
-6505
2
87V7n1bBe0Xk4L
9
5
1.66972
2.65714
1.13208
1.20879
4
pFOegWSxKL
2
ZkrNYA
9
12
1
2
CqLgRUECcI
5
1.87273
0.36810
0.74118
0.21008
3
8244
4
yikzcitUMqDD
5
0.21569
1.07965
0.12000
5.18182
7
1
4
33256
2
EVp3cV4
7
4
3
18178
4
0.43200
2
ZMMxJLraWEwcYg
1
6
3.39623
1.81731
3.19048
1.69767
2
crjiEATJuk
10
6
aVc48KeHWy
7
4
3
10187
7
fGrmDOyRzaAY
6
0.69048
1.09160
0.06863
17.75000
3
21163
2
JyhqgdSOBkfUpDeKR
8
1
1
3
http://U8arMvhqF3UuchP.com
7
6
0.95597
0.18750
0.95146
1.01042
1
10
6
cyQSYmqSV
1
2
tw4ICKoUcoHcwnM
7
1
7
JlGsyuQTHCitdC
10
2
PSAFJVv
1
1
4
35984
5
0.49485
1.45977
1.56190
0.48718
5
0.62500
1.30612
0.70000
0.08065
3
2845
3
34671
6
Cd05DyS8eAEi6
5
0.55556
2.78571
2.52941
0.76991
9
5
0.78049
0.11806
0.45517
1.11702
2
CTchWxSgo
7
1
2
ZgCQIRSUpjqNNLE
4
-25691
3
39024
5
0.35938
0.01471
0.40260
1.09929
3
30074
2
zCkSPpDUSMPa9r
2
u ERoE8cT
4
38476
5
0.90000
1.18868
0.62097
0.69872
2
9nlgd1A3
3
23679
4
-35235
4
-24078
9
3
20853
6
qHmzfIDn
5
0.43836
1.43750
1.50000
1.32075
6
7oC3ngpCcz0
3
20448
3
19372
5
1.24786
0.41611
0.72081
1.92308
9
4
0.76650
10
3476
14
1
1
3
xhVOh7drXY
3
hDADs1VvI0G
5
