3
Xt9rrZlSnaa
3
yy8N6Pyovuk
4
1
1
2
1.64130
2
1.65766
9
0.56051
4
0.88889
4
0.04167
8
28.33333
4
2.29114
10
1980
8
3.07407
8
12.22222
5
0.89500
8
0.33333
5
0.56364
7
1.13274
6
0.93571
7
0.30597
10
4435
5
1.44304
3
0.10152
14
3
5jdzzfCINb
4
1
4
8.90909
1
7
1.08025
4
1.08876
9
0.33529
10
3685
9
0.30570
14
3
C5Dakcl0O90b
4
3
6
0.71154
9
0.47368
3
3.29091
6
1.68539
2
0.97927
8
0.10169
11
H7CVQZKl6A
10
30130
6
1.17857
7
0.21569
7
0.48515
14
1
4
4
11
974yc6
5
0.64754
4
0.42308
10
15640
1
1
8
0.06918
10
20626
10
24841
1
8
0.70000
1
1
10
28161
8
0.69444
2
2.71154
9
5.15000
14
3
0D7TTFKgED
4
4
3
1.37624
7
0.50000
11
0SbVxlM4nMV
1
4
0.42857
9
1.06383
8
17.40000
5
1.19492
5
1.07500
2
0.58960
8
0.78286
4
4.07143
6
0.44974
2
0.97368
3
4.75758
11
v57muDRDl
10
15085
9
0.46667
1
6
0.83908
14
4
4
7
3.14894
11
3Rw4n0Lk
6
1.31469
10
7695
12
3
4
OOPRMzsMZa
1
3
31462
2
owVCAZTYjz
4
saEqmmYReAC
2
UiBxso
6
QHTn3aDuOM4X
3
39312
9
8
1.66019
4
2.38961
3
0.01099
8
0.17978
4
0.75309
9
1.80198
6
1.56338
12
1
5
0.64228
1.18421
2.93548
1.56780
3
26528
2
FuKGuGlvsGr
5
1.27711
2.23611
0.96190
0.03553
2
bgvqaJGXrt
5
0.51493
1.06429
3.00000
5.86667
1
5
0.26786
21.55556
1.24000
1.11017
1
4
YdIdBeeYok
6
F2UILEQZ5Km
1
7
1
5
2.77941
0.78689
0.28814
3.59459
5
3.07895
0.10345
2.50000
0.05714
6
yD1ys1bR
1
7
1
1
7
fmHKbQzZusOHX
3
37165
7
iFBwwLhtoDnIF
2
pCgdAsOmzoFK
3
30606
3
39814
10
4
14318
3
13366
1
3
21338
1
5
9.46667
1.11111
15.57143
1.15882
4
-14598
7
1
8
2
3
http://6MZw8eHVmMxnc.com
7
10
7
1
4
2.06186
6
1.81481
6.86957
0.27811
0.80952
8
2
2
6HkGjUV6Y2
1
3
http://OaXIhyT80eidsf.com
1
5
1.09040
3.39655
1.07031
0.94706
7
7
hSONEgIsKy
5
0.38095
10
9
2
CPDoErCwp
3
444
5
1.18033
0.75000
1.41732
2.83333
7
1
3
22136
2
pzCrevQQJ6R1
5
4.70588
0.88571
0.41520
1.60000
1
1
6
7wYdlxE3cGQnZf
2
ejPLMXU2m l3M
1
9
9
14
5
