2
{Planet}{    Name}   SUjrC     {    #Name }{    Mass } 0.06250    {     #Mass  }{   Period }     0.74286    { #Period     }   {    Gravity     }     8.38462    {    #Gravity   } { Perihelion}  2.94915     {   #Perihelion}{Aphelion   }    1.17526     {#Aphelion     }{     ERadius     }    0.86154{  #ERadius}  { Radius    } 1.88636     {  #Radius}  {  OrbitSpeed    }    1.00000{     #OrbitSpeed }   {Population    } 3566    {  #Population }  {#Planet}
4
1
1
7
4.22222
11
XyW2cIIH
7
0.79021
6
1.44643
1
3
1.35878
10
26802
12
1
5
8.75000
4.35714
1.30405
0.45000
2
pcCGMzKgT
6
ACV08ykpcpS
3
24981
1
7
1
3
18262
3
13826
5
0.83051
0.98387
0.96482
0.81481
6
bpthImpy8Rxk71
6
Qh00ck61S
7
2
2
belKzcWOTDRewcG
3
10559
2
JHgWfZnamJkaIqhci
1
1
10
3
9489
1
9
7
1
2
hlKf3r
4
39209
4
-33346
5
1.74074
1.12097
0.20755
1.44118
1
2
2Yp1Hj9
9
4
UyqqTIorSJfnqnA
2
tRCZGVrPqKu
2
tHXiLWEGIR
5
0.74194
0.35000
1.67273
5.06061
6
lRovM44Qy
9
4
0.63536
9
1.38835
1
1
6
0.15385
10
9521
14
1
1
4
1
4
2.32727
5
0.41429
6
0.41830
8
1.27778
12
1
7
2
6
uuqhOmP4xbHIHEag
5
2.14286
0.45513
1.11310
1.09804
3
7658
1
1
1
2
pZ9NFX
7
1
5
1.62857
1
10
3
10081
5
2.39623
0.13675
0.71728
0.78613
4
-33402
2
itAW5ZzP
3
462
9
2
WTzQfzK
1
2
udywmylpxd
6
F83Z1nNovW
1
5
0.84286
18.00000
2.05333
0.31818
1
4
PUYcgttzBuzJMQ
4
WuttVORbfyNFWMN
9
11
6BHZqiV
2
3.55882
4
0.44156
1
7
0.70619
1
12
1
4
duVlxBMdRao
6
MU20TqX
4
tLzixFITtWBBDtH
6
2uooKoj7XlfJ
4
BjOqlmtjSlFmb
5
0.68478
1.80460
0.35000
1.86905
1
5
0.69128
1.28571
0.85000
0.61053
6
UENgAEu
9
12
1
3
29159
3
17994
6
RgJHja3O
6
Bmh0917NS3z
7
8
6
BDeLFFhS1sovci
2
L7EKYdI
3
26752
7
1
10
6
8892ygJri
4
20989
1
4
2402
4
-30000
2
CZ8ZymFxoIbR2 t
7
1
6
1.08750
0.54938
3.56250
2.52941
10
2
ldN3vtXbo8HIPt
5
0.84795
0.92553
0.85475
22.50000
2
od9vPdpQR0L
2
qwKzEIKSnkmWrPe
9
1
7
6
6
xMlmx6jOdSMM9t1
1
2
JwYvAXk
7
1
4
0.12903
4
1.03627
6
1.42105
1.57143
0.81215
0.45455
7
HUiXklyMZJsvn
10
7
1
3
36192
3
20707
1
8
1
7
5
0.20000
3
23748
10
1
1
9
4
GDkGplTBDTsNC
6
Vn4FMubvAG
3
37290
3
34708
7
3
2
u4KgGpR2tZyjGq
3
11488
6
Vy9MC02BC1CycCFm
4
-37897
5
1.39286
0.85556
11.56250
1.23770
6
thvKkEtQ8
5
1.66981
0.96111
1.47244
0.93077
4
10877
3
8162
5
0.13514
0.66837
9.07692
8.76190
3
33635
4
-9045
3
22929
7
1
10
9
9
12
1
2
NBYLmdVT
7
7
5
1.01657
0.08219
1.35833
1.82558
1
6
62lNmcQxKH
6
4I0eXZxaZVY9kSZ
3
10046
7
2
10
3
4440
3
6646
9
3
18312
4
hicSZTdPYWUN
4
aaBJDiVqDper
7
7
1
4
20936
6
C2vCH4DZEUUku
4
-15788
3
27298
1
4
16845
7
1
2
iFhCNwRYMdY
7
BCFHEgSciul
1
10
9
4
DwzfsjkyXXon
2
JkYgihLlqol
3
23736
2
dWFglxWmD
3
18933
7
8
7
1
5
1.43609
4
0.03378
2
lCMGHUHyuWkLOQZs
4
0.41358
3
33421
10
1
2
cdbwxQA0
1
4
9742
6
LXjmrghxyqyaYVE8
6
zgXp4JVVWD7k6h
6
frHAKQqOO
1
2
ilobklC1
1
9
3
7004
7
3
5
1.82407
2.50000
0.02041
0.01266
6
VqqZmqU1FRSj
1
6
xoA9N0KpagoDet
7
4
2
eWOuwQUmnMPwUnHr
7
vdescOPfRYfzYer
4
1.32558
3
3383
6
0.51546
0.74611
0.68657
0.43860
2
diaJIdbYVXcmO
6
0.06952
0.01840
1.66667
6.53846
6
2.40278
1.17143
0.34054
0.61494
3
16482
8
1
3
http://UMdB1EbMhG1N.com
5
0.35227
1.07143
1.86765
1.19737
7
6
11.66667
1.00529
23.75000
0.34641
7
GMGkptUVUzZGmRi
5
2.18000
2
bHVdyqMinQ
2
oTAibfmixDwc
10
2
C zPNoqvfOTl
1
3
32080
4
-10301
1
9
5
1.64151
1.15556
0.82828
2.22222
6
g6Geq41zV
5
3.37500
1.08889
0.32117
2.20482
7
10
1
2
tqoBRX
4
138
6
pfmM33Kgyu
5
0.38182
1.57576
1.45679
0.31193
2
twVfKTbcl
2
Y4eQOQQvc
1
2
xPwdaig87j
4
-19066
4
-10075
6
nEkFTavnkVRNsO0
3
35955
9
9
12
2
3
10663
6
AKOqDhc
5
1.30464
0.83453
0.18919
0.48276
7
1
5
0.88387
2.83333
3.87879
0.30070
6
oWD4GtvQHpyHjBg0
3
34299
4
-23439
7
1
6
1.31746
1.26415
1.35849
0.08421
7
LrDHOQxobstKJJZ
10
2
OpwJZ5KIAMP
3
30797
2
dqv6mwEP
7
1
4
0.98230
2
CldXVspBkuwAh
2
FcACzTaplWA
4
2.72727
8
1
2
3CxWEGE6mtPG
4
37878
5
0.38636
0.69444
7.73684
1.00000
7
5
1.21875
7
dYuEigmELfHCS
7
ruPTeEJnzcZHKKAv
7
GCOTYCdJNO
10
5
0.58416
1.56566
3.24000
0.63946
3
25698
2
YRf8Rw2xsO
3
10869
6
Y6FDHPmIGGie
9
1
6
QqIlp7P
7
1
7
2
2
eQlQtPzDWXkDK
3
15273
7
LlFFvSYzPc
4
0.63492
1
7
qteNbnrnGRAywyr
7
WkOhNPBeiHsHAodb
3
24736
5
1.10000
8
1
7
3
12984
1
6
0.49342
0.85950
0.26882
0.57831
10
7
2
10
2
CZMjKA1usKp
5
0.24873
0.36538
0.45918
1.36691
7
1
3
12541
7
VVcEFrqncC
3
12419
6
4.27500
0.32955
1.00000
2.37349
3
29567
3
16945
1
10
7
1
1
5
0.97661
10
5
0.67692
41.00000
0.98462
2.32143
3
14442
1
5
0.91358
0.39759
1.03846
1.54400
6
y7Af0BHw7QmMb3
7
3
5
0.29412
6
0.90132
2.62963
16.25000
0.88889
10
3
28316
1
3
39255
3
9247
3
7042
5
31.33333
1.87500
7.12500
0.68590
3
30038
5
0.42424
0.39623
3.85366
4.13333
7
3
3
11204
7
KZQXsvpEbMFM
10
3
21483
6
bDFfvCbpIYXdZkT
2
EbM60Hi
2
W0UnxEyb
5
1.21583
2.10127
0.50746
18.00000
5
0.66355
0.15183
0.81757
0.97436
4
8713
3
36706
1
7
1
3
3932
3
3268
6
0.36691
0.87000
1.75221
3.52500
3
30983
2
CssnaCHlpCRdIb
3
20847
10
2
ZZUP HQT2sgk
9
7
2
5
1.06000
0.05263
2.56522
2.23529
5
9.00000
0.39024
0.88350
1.58000
3
35635
5
0.90789
0.85981
0.60606
2.70000
2
qVcPoDzfK8kG1
4
38866
6
AtHHS2Wayb
9
3
31703
2
VaPxLxoc
7
1
7
3
2
cNxBptrKeRWZrN
3
39986
2
yetuolJUIVVABTLJ
10
2
dbw 5Mu44iZ
6
4sL0H8pmWbhC41
6
CqT5qKiBs4GqX
1
6
QjozcE3v07v
7
7
4
0.72778
10
6
cM1Kkv0jkF7u
1
5
5.00000
0.11111
2.13559
8.94737
6
WJQNnGQ0cXcEL5D
9
5
13.64286
1.20388
1.17647
0.42336
7
1
6
VfaaxWNzBMk2
7
10
5
0.33121
4
0.42675
6
2.28049
0.66225
0.94366
0.15385
7
wndHyJOrNkIhYrq
10
7
6
5
1.22667
7
oVumsEkSNTw
8
1
5
0.40116
2.62500
0.64000
0.62162
3
http://MYgvXap6I6.com
7
6
0.65891
0.64667
1.05495
0.17610
6
2.75000
2.01639
0.63717
0.12712
3
31577
3
24580
2
geNxKHVdrWXMZRaq
2
sHUBUvudIC
2
aPMcnabJKuepnsG
4
0.82353
7
ZbwcbvVxBUD
1
1
2
zAMYnPzjKfjKXkV
2
JIUYPVIEfveoqTJ
6
4.38710
0.95302
0.05556
1.28571
5
0.86164
1
2
hIeBUqDer
3
8013
8
2
2
akv23rZTdXhf0FO
5
0.68750
0.25683
1.83051
4.20000
7
7
bpIqrMEGdJPW
7
JLxvnGndnEoWyJl
2
ypcpofKejWEDrrHk
10
1
1
2
cl9UiRb
4
38994
1
2
XNN2YVSdhyvOm
4
16561
1
1
1
4
-26241
4
37441
2
C66ZaKag8rWW
2
NuEof yjfxMD
9
5
1.42400
0.30178
0.40642
1.81308
1
4
cDWYHgKlkEaZ
7
1
7
3
2
lUuRYrLGqcEJoebl
2
SobOlVCwIRRJePx
1
2
TFZTQnKDinQkUzb
3
23796
1
10
3
19876
1
2
y0jdlN7alXEg9a5
1
5
0.73864
9.72222
0.18644
0.41000
3
4025
4
-6166
5
0.51128
0.79861
0.10476
0.93478
9
5
0.75916
7.25000
1.10191
0.14595
3
8807
2
DxtzHnb
7
1
7
4
4
0.45238
10
4
26962
3
18461
3
21800
4
-8745
4
-3732
5
7.50000
0.28492
0.14286
1.39560
2
0 0Gj31oj09
7
9
1
2
dTsCipoaUA
7
iUkqHEFFkIuy
7
ObSwuhPlhXB
2
QDfxyxVHIaTRakR
10
2
nAzmybk
1
7
10
5
1.21088
7
DOLWyEYmIijsZF
4
0.83756
5
1.21053
8
2
7
7
mDMBiYIqIV
7
sfHUknzvqcphC
7
yIYzYTVkaPcmMa
2
dKwpKBGNVC
6
1.82828
1.11628
0.75294
0.41327
8
2
4
6511
7
7
hoctipsDhKqeFozt
10
3
8786
5
2.69767
0.80392
2.51220
0.57480
3
12625
5
0.58462
1.74444
2.90625
0.37778
5
1.97333
0.98980
1.64912
0.21176
3
31756
9
9
14
4
1
11
vDcI2Jqlx
10
21183
7
1.53333
8
0.67949
12
1
7
9
2
oi1HBWJEmfDq
3
18433
4
-4027
1
5
0.91765
1.31148
0.28500
0.20690
6
WmWCvyen7FV3A
4
-13968
4
-13091
1
4
-13618
9
5
4.40909
5.94737
1.20979
12.40000
1
2
MAprmAzbN
2
erVYRPUm
2
ajoHwRhR
3
31674
9
10
855
3
0.71429
14
4
1
8
54.00000
6
1.00000
11
jVBL61XsNf
5
2.77273
9
4.37209
6
1.31193
12
3
5
0.60000
0.36022
0.54639
1.88462
1
2
TLKvzaWifE
1
2
HKDSiVGAjuB
4
WFpmrdACwS
4
tNxLsKsRvKHY
2
dMNvOxPlYMf
1
6
hYZ9vIhDrqIf
5
0.46154
0.77838
0.82558
1.25954
4
hniBCeNEuqmMUeX
9
11
OhQqdU
8
6.04167
2
0.25946
12
1
5
14.00000
0.98857
1.39535
0.45550
1
7
2
5
0.15517
10.66667
0.21250
0.13830
5
1.29921
0.66875
22.57143
1.01657
4
-30265
5
9.06667
0.91753
0.79412
7.76190
3
4329
5
0.51163
1.16038
1.71028
1.93023
5
0.41436
4.83333
0.18333
0.49412
7
1
6
1.02717
0.69189
0.82759
0.39655
6
10.72727
2.97959
1.20915
1.04717
5
0.33846
1
1
10
1
7
1
3
5319
10
7
1
2
fbtvsMKlawAl
10
6
Wac7oKoMpDEOD1CW
9
7
4
5
0.38211
7.52632
1.76923
38.20000
3
14063
2
4KZWl5EzM2Paj
2
7PjJSJWc
2
zr9ZRPIEI
5
25.00000
0.48148
0.32667
0.60690
6
UNj9uyGkp
7
1
1
3
37198
10
9
3
11178
2
mGLxMWzL
7
2
7
1
4
1.81731
10
4
1387
4
-17412
2
0YneHZ2
6
TzJd9zWXJ
7
3
7
DMITdKMlVWaZld
6
9.84211
1.58621
1.64103
0.35676
10
4
-21630
9
2
FzYsrtsR
7
7
4
1866
4
23860
3
38433
3
17458
5
0.57500
0.47619
0.97143
21.88889
7
3
3
1559
4
0.99145
1
6
2.07407
0.05691
0.46465
0.04839
3
34010
7
ZAIlrpOLeJUm
1
4
1.76712
6
1.64000
1.40909
0.20526
0.11765
5
3.70732
6
1.94521
0.57895
2.34211
2.46914
6
0.05085
5.44118
1.00877
0.28144
7
YIlkSJQGkdbU
4
1.02362
6
1.56452
0.36923
0.44715
1.49180
8
1
7
2
MKeTPQbStkCI
3
39283
1
1
1
6
2.02439
1.17910
0.74286
1.62500
4
37.00000
4
0.12887
2
AymZdyMDqIfNYvY
7
oKRJuHCNpdVtiMgj
2
DntVBJNBuzzsRR
3
6973
10
7
3
7
LKKJJPJRmrPGoASB
8
1
7
8
1
1
4
21959
7
4
0.05333
1
7
sddWiANyDaj
7
AyUtLWdToZkqbqS
6
0.45503
0.54321
47.00000
0.22819
10
2
R1TJSD
4
-1980
9
9
14
1
1
5
