3
YKtvX3Ex02P
1
4
1
7
0.68712
7
4.11429
8
0.37594
10
19197
7
0.04027
3
0.18750
7
1.17949
9
0.98378
14
4
1
11
fBWDU8
7
1.45977
9
2.54717
2
0.69022
4
0.62393
5
7.07407
11
yENpUCJn
2
3.47727
5
1.10778
9
0.23037
1
7
0.77436
4
3.76316
5
0.51351
12
2
3
5910
6
VOpXjgO
3
36617
2
ixnnsiT
2
qXBZip
2
zmcvfdpWJ
9
14
3
X4gxYMMsJ6z
1
4
1
7
9.66667
5
0.67677
11
PrMwFIp
3
0.88000
7
0.37209
1
5
1.35294
8
1.29870
8
3.00000
8
0.29944
3
1.23762
14
4
2
11
cvwg8UVazu
9
2.90741
7
1.98780
1
4
1.03158
5
1.24828
8
0.68750
14
5
