3
QqGmfBwDvK
4
1
9
0.24138
10
35225
11
CfWU5afv
2
2.37288
6
0.62121
2
0.12791
1
14
3
5uxcVn6ysQ
4
2
4
1.50000
10
7005
6
23.66667
4
0.16667
7
0.18182
4
0.45641
3
0.07692
10
32636
11
VgjvOA
1
2
1.91304
1
8
0.41304
3
2.50000
14
3
tS0oE3YZposP
4
1
4
4.77419
8
1.60440
8
0.86082
8
1.38679
9
11.73333
9
0.23980
5
2.28571
7
0.12727
12
1
6
xE7rL0vy
3
25127
3
4449
1
5
3.72727
0.99371
0.32836
0.77778
4
uAclFACidNecWY
7
1
5
1.11538
1.15517
1.06329
1.68421
2
hRWpMj4h
3
28120
6
9BFjCSB17wRGhG
5
1.13095
1.86364
0.34021
2.87931
2
DPnpHPPVSQIwc
6
C5amNmwAVkFAljzN
3
29027
6
kz6A2GnAc5QqHSt
2
MKpqcLW
2
CCLvsVXJj43F
6
wxojtI9NNsfNq
9
7
1
3
36102
3
33394
4
-12296
5
4.29545
0.38889
4.29545
1.49180
4
-33311
7
3
10
2
2NCWboBku
5
0.64024
1.40000
2.31579
1.10588
4
-22429
3
9459
6
rJY6Cxmadftd5W2
7
2
2
PszwNGpubjRTrM
6
0.97970
0.93939
0.36364
1.97143
7
UNLbMlDXcICPdzx
1
10
9
1
6
T3ocxWUzLLn
4
mhBtxTNbTTTqwv
3
37568
9
7
1.25581
7
6.95238
14
3
y2hkXMEK4hj
5
