3
RxP1fDkrYXxb
3
ThvCu1oAfjNb
4
1
7
2.70455
7
2.78788
2
2.02273
2
0.05143
10
313
11
YnYYyOq7e
14
4
2
7
2.44262
11
QlMI4TDj
12
1
1
3
26922
1
6
kLOyIjic5l0
3
37426
1
4
QvxLlNWrwhdLnNP
4
pzwJONLBDvkCIW
7
1
3
20530
3
21891
5
0.54545
0.50000
0.27660
1.08397
4
38971
3
14376
6
t9InG6sA9BcY
1
2
6AxA2R0 R20Otkm
5
0.22472
1.30435
0.58491
2.64516
3
12088
1
1
5
1.62366
1.26389
5.91304
1.05208
2
wpHmnDeCZ UR5
1
9
4
JOocYMRuRLvLM
1
5
1.57143
9.05000
1.26316
0.87850
9
7
8.65217
2
1.25000
9
0.24118
11
EgaPjw0IQ
10
34254
4
1.36000
4
0.26347
12
1
3
17825
3
5906
1
3
26739
4
fGeZcrHKgs
1
2
kHKnkTALqa
2
VkqVMKjzmp
3
4144
6
ouo09ZahHy
9
8
1.29630
3
0.66316
11
DSTNPN
11
0jVVk6DQS
10
21240
2
0.78261
3
2.76000
6
1.07650
3
0.90683
3
3.24242
2
0.97273
4
2.10127
4
0.63566
12
4
2
xuFLEa
3
28772
5
2.75000
1.11189
1.14754
1.36000
5
0.15278
9.40000
0.07812
0.10370
2
hhGeVvdkEqR
6
atEaM4fX4O4
1
2
zjhiUqNSBIW
7
1
4
-27325
4
14835
2
DMj1ES4
2
O7tRsRLcE0tAi
6
Zj0cwh9n
4
20127
3
1692
2
SigRr3G
2
QtYog1mlDo
5
0.99379
1.38889
1.01613
0.40310
2
C7bbeQjYoQcz2m
7
1
7
esPdLglwImgNsOZC
2
toltwTCuXzInG
10
9
9
14
1
4
1
12
1
5
23.50000
1.16514
0.76768
0.90506
6
sTIL3bm
2
gYyVcRjNL
1
4
ZeZJRQXgQU
7
1
3
27499
6
56vh8gZsMO
4
-3878
3
7606
6
8RTjvKS8CgBiMkaY
3
13747
1
5
1.06358
1.14655
0.01942
1.71429
7
2
7
KFcEPAaWQOOZtxf
3
24403
1
7
ogyyDdSKmmlPRurB
7
ZcnkyeoRJtpQr
6
1.18657
0.75978
0.67500
2.56667
10
6
XEbcX4nINo
2
vwexO8C
9
3
14006
7
1
3
9344
7
1
2
xLNwXqsNraJWbgXO
4
11.66667
2
aYiIfrxvMSGvGBOzd
5
1.63248
3
5104
10
7
3
6
0.15842
0.38860
0.30909
1.21053
4
0.26087
2
lDUTpKBUyuazyr
7
LRGcpjZLKzzZlG
1
7
LSAGgOsOISwb
10
2
vNzoOXs
5
0.03846
7.83333
0.67769
0.59124
2
ulakBt2TwOdVJsP
9
1
1
6
fxZlmQINb
4
FhOxmlakCCQZH
3
13579
3
22212
7
1
6
YZ2Kk1WR2
4
12728
6
RbhImSpsLu7oS
7
1
7
rdIBQZPzVRIaW
1
5
3.57895
10
5
0.70536
0.42405
23.25000
2.45679
1
5
14.71429
67.00000
1.56731
0.94845
9
9
12
1
4
qgszsrJjluq
1
5
34.00000
0.35484
0.25806
0.08772
2
jvOGcxy
7
1
6
BW83IupZ
6
wQs9S32zsAKsc
2
WuDgVf8Khqv
7
7
3
37688
7
uzQXhGWsJOr
6
0.58235
3.57895
0.83673
2.82609
7
dbpMRXVQwTmugZ
6
0.61224
1.27711
0.29016
0.94975
2
pxfScgMyuPHvyRy
5
8.42857
4
0.14894
8
2
2
SuGyjzx LUTQl0xIK
2
2BJw2Vn4snNi34
3
http://YsSQkupGcS.com
3
http://uXv5CSxSHzaCa.com
7
3
13357
3
36712
5
0.02727
5
0.47778
7
CDPujyfcHvOxGRmX
8
2
7
4
0.75000
8
1
7
10
5
0.63889
2.05000
4.33333
4.50000
1
7
2
4
1.64545
2
PfJHQXTYpES
3
38199
5
0.07692
10
2
Lgvd0vnC2
9
7
1
1
6
B0PugzUmuzNjSzkd
6
C4hmG6KMr9
4
-34678
1
7
6
5
8.42105
10
6
I6xLUse9nFFfNA
4
3192
5
2.42222
1.17273
0.34694
1.52336
9
9
4
1.30534
5
2.33333
5
1.80000
12
1
2
tGSNanB
3
6921
6
yryMBnuEfuwP
2
hzJAxjXOzCJ
3
32447
2
CFbxtm
2
aagJnMHkKrZ
4
TMPknVpPfFRygE
7
1
2
hBFfVOKKCUi
3
27964
4
-18571
7
7
4
0.76515
6
0.56081
2.82857
0.81646
0.20879
6
0.46087
18.00000
1.31293
2.14516
7
pfZTLNyOhEzRcuM
5
0.11111
10
7
4
7
dhXnmmkmrozAruPJ
4
0.34568
3
18197
6
0.51832
1.94828
3.32143
0.50000
5
0.26842
6
7.50000
1.00549
10.75000
0.72775
4
0.57059
4
0.18182
8
1
7
4
2.01471
2
nhbvbOFv
6
12.18750
1.74286
1.34532
2.98246
10
1
5
1.08696
0.28902
1.58824
0.76119
7
8
7
OXiVBBpXEGqhuXf
1
1
3
4519
1
2
mBReXAePdSaqY
4
3.50000
5
0.76923
10
4
3053
2
VWLG1Us
5
0.99490
10.80000
2.03261
4.76316
9
5
1.33594
1.56190
2.25581
0.35156
9
7
32.20000
8
0.52239
5
0.26752
9
0.47727
7
0.85496
8
21.60000
10
32224
5
0.01026
11
LIxt3BqrF
1
10
21780
1
11
Zs6JeHyyf
11
qmVawiUf
7
1.11494
4
14.50000
5
1.34146
12
2
1
5
0.27879
1.03883
1.98333
0.90909
6
xIPHOcv
6
SFfGfRIyal
1
5
0.23853
1.11696
0.96133
6.70370
5
1.54545
0.73103
0.89933
0.28718
9
2
0.84524
12
1
1
2
qkbRaikL
3
19534
3
36324
4
KITNRomGCYBI
7
3
1
6
AKuuv7efkmGJYq4x
4
19990
5
0.86607
0.59524
0.31285
0.30952
1
4
-39267
3
1899
2
X4xSJdwuBddotFq
9
5
0.89637
1.69231
1.00893
0.86014
1
4
oPIspFUQru
7
2
3
11489
6
klRB8NUsTR
4
35402
5
0.90625
8.09524
0.85714
0.86861
2
Tx3u7Va7
6
a7eReeN38PFd2
6
3fC3nfqSnX5d
7
3
1
5
8.55556
10
7
1
3
1349
3
12987
10
1
7
3
1
7
laPJWpgQJtm
7
HmyNeOQoZeh
5
0.72263
6
0.60479
0.40541
0.23256
0.54745
5
1.03030
10
1
4
30802
5
1.27273
0.90270
0.32432
1.16000
7
3
10
6
AUI59Fmoi3A
9
2
yIUteQOaCYZ
2
GaxGeAEHWK
7
3
4
-13856
2
rFSLuGoX5dVk6H1
1
5
0.60870
5.95455
4.97059
1.25000
7
1
4
6.46154
1
2
vCzejwPWT
5
5.96875
10
5
50.50000
20.55556
157.00000
0.12579
1
6
wCjezQYn2mv
9
4
UGHAFOluukhYB
2
EQjxrFdG
7
3
3
39072
6
d4XECqQEV
4
27866
4
-29275
7
2
10
2
UioxLuBsVdN
1
2
tXCvToeXT86sU
7
2
7
DDkzOaAcqyPfzw
10
2
Aa2GREAXFUhs5
5
1.00000
0.41667
0.59302
0.68902
9
4
QBCtKUVoCLkq
7
1
3
15609
3
36972
5
2.25676
0.93464
0.98225
0.50794
2
YNjn 7
1
2
nzfmU7cNzB7r
4
11605
9
6
3NgiLZpA4Fn
7
4
6
L2lm8hK5s5a7x0al
4
8977
6
1zFVt1k2EiQj4Bk
1
7
1
7
ijzQKSKPNn
4
1.40714
3
5033
4
1.23214
10
6
OskCudsI
6
rYC0jrumHlknZg
3
4516
2
XlUMJR
5
0.94231
4.89474
0.94318
0.51479
1
7
4
5
0.11500
6
0.15094
3.12963
0.65000
4.68421
5
3.61818
10
1
7
4
2
eZUAhlidPorI
3
21772
1
1
10
4
-35280
3
4714
4
12489
7
1
7
zfOawOyeVD
7
CUpcELjVCz
6
0.48810
8.18750
8.42857
3.08000
10
7
1
5
4.61111
1
7
OXLmdzsqCxIpk
4
13.50000
10
1
9
2
KEDoCnpyeg
3
15123
3
16819
9
7
0.60870
3
0.48507
8
2.07059
1
14
1
1
3
4fYdZ501iDal
1
3
gx91qVrl2I
5
