3
GLcpOwcdiIn
4
1
11
kwqxupHg8H
10
8373
7
1.02055
12
1
6
xF43MRnAln
2
oBkWsVr
5
0.54891
0.26380
0.02439
21.57143
5
2.82143
1.67647
1.54310
1.24242
2
KcNpoXYJl
3
581
7
1
2
lRNS3Xjq1DWC
1
3
35216
1
4
25711
4
-14913
3
8787
5
3.86486
1.08387
2.00000
5.93750
2
V70gZWEpG6
6
brzHkKOs
2
y1kLZswPkH97afe
9
3
777
7
1
2
lRwxi9Hc4 Q6
5
10.81818
1.21978
2.42222
1.86842
7
1
10
3
30259
4
-29184
1
7
1
7
HXjDGqsnfRZlBhpp
2
RlqMXnoqShK
7
HCKthOmxSiEjcO
2
njtwZGIDG
1
1
2
caIvbpTg
7
IBIAbRUPOcRRDpF
8
3
5
0.47647
0.28889
0.84343
1.25610
3
http://fgQw2ex6DJ.com
2
h3AHm0ewUpodjP5qN4
5
8.19048
4.86667
0.80488
0.26702
3
http://1GuQ4WQj9F0V.com
2
WY1HRqZYk85un
5
10.20000
0.62209
1.22857
0.46324
1
1
7
5
0.40945
10
6
cHcZY7Qg
5
0.92727
1.76190
0.37838
0.68421
6
9zaXqBs99jf
3
8996
5
1.27586
0.82301
1.55556
0.43956
5
0.01036
1.42748
0.41237
6.66667
9
1
9
10
37332
4
1.25926
5
0.29381
9
0.41860
14
4
1
4
0.21186
8
2.26667
4
0.92903
1
10
13799
14
1
1
3
o4ByT53Q29uz
1
4
2
6
0.43056
11
hrcq8NRS7ov
11
3QBd8v
5
2.67213
10
11960
14
3
9iE75QJ4wftM
1
1
4
1
3
1.95122
2
1.39241
4
0.49425
10
16864
11
NBnwfXA
7
1.33784
3
0.12000
12
1
2
BjbWcGRdtyn
4
nBgGjdeqIwHUNDG
4
ugKmapPcCTEt
4
IxxUfsAGZp
3
12579
3
22490
6
SuzRTMB
5
9.05263
1.44792
1.85567
1.25180
7
2
1
6
h3dc8G2s5SB2DCU7
2
yElJd0niCmV
5
1.08081
3.88372
0.74490
2.42857
2
dQCghz16KOM3AmA
2
95X8TV
1
2
KjwOYG
5
12.61538
2.01087
0.64103
3.82143
2
bZUWtQoS
1
9
4
rnwrcQVufYa
2
mXUDCCIoRZt
9
3
2.37931
3
0.48193
1
9
0.78125
2
0.99301
9
0.11364
5
0.48113
4
0.28155
14
3
kqHSqkX9Uef0
5
