
50434d20882c000044160000
4141414141414141414141414141414141414141414141414141414141414141
4141414141414141414141414141414141414141414141414141414141414141
4141414141414141414141414141414141414141414141414141414141414141
4141414141414141414141414141414141414141414141414141414141414141
4141414141414141414141414141414141414141414141414141414141414141
4141414141414141414141414141414141414141414141414141414141414141
4141414141414141414141414141414141414141414141414141414141414141
4141414141414141414141414141414141414141414141414141414141414141
4141414141414141414141414141414141414141414141414141414141414141
4141414141414141414141414141414141414141414141414141414141414141
4141414141414141414141414141414141414141414141414141414141414141
4141414141414141414141414141414141414141414141414141414141414141
4141414141414141414141414141414141414141414141414141414141414141
4141414141414141414141414141414141414141414141414141414141414141
4141414141414141414141414141414141414141414141414141414141414141
4141414141414141414141414141414141414141414141414141414141414141
4141414141414141414141414141414141414141414141414141414141414141
4141414141414141414141414141414141414141414141414141414141414141
4141414141414141414141414141414141414141414141414141414141414141
4141414141414141414141414141414141414141414141414141414141414141
4141414141414141414141414141414141414141414141414141414141414141
4141414141414141414141414141414141414141414141414141414141414141
4141414141414141414141414141414141414141414141414141414141414141
4141414141414141414141414141414141414141414141414141414141414141
4141414141414141414141414141414141414141414141414141414141414141
4141414141414141414141414141414141414141414141414141414141414141
4141414141414141414141414141414141414141414141414141414141414141
4141414141414141414141414141414141414141414141414141414141414141
4141414141414141414141414141414141414141414141414141414141414141
4141414141414141414141414141414141414141414141414141414141414141
4141414141414141414141414141414141414141414141414141414141414141
4141414141414141000000000000000000000000000000000000000000000000
0000000000000000000000000000000000000000000000000000000000000000
0000000000000000000000000000000000000000000000000000000000000000
0000000000000000000000000000000000000000000000000000000000000000
0000000000000000000000000000000000000000000000000000000000000000
0000000000000000000000000000000000000000000000000000000000000000
0000000000000000000000000000000000000000000000000000000000000000
0000000000000000000000000000000000000000000000000000000000000000
0000000000000000000000000000000000000000000000000000000000000000
0000000000000000000000000000000000000000000000000000000000000000
0000000000000000000000000000000000000000000000000000000000000000
0000000000000000000000000000000000000000000000000000000000000000
0000000000000000000000000000000000000000000000000000000000000000
0000000000000000000000000000000000000000000000000000000000000000
0000000000000000000000000000000000000000000000000000000000000000
0000000000000000000000000000000000000000000000000000000000000000
0000000000000000000000000000000000000000000000000000000000000000
0000000000000000000000000000000000000000000000000000000000000000
0000000000000000000000000000000000000000000000000000000000000000
0000000000000000000000000000000000000000000000000000000000000000
0000000000000000000000000000000000000000000000000000000000000000
0000000000000000000000000000000000000000000000000000000000000000
0000000000000000000000000000000000000000000000000000000000000000
0000000000000000000000000000000000000000000000000000000000000000
0000000000000000000000000000000000000000000000000000000000000000
0000000000000000000000000000000000000000000000000000000000000000
0000000000000000000000000000000000000000000000000000000000000000
0000000000000000000000000000000000000000000000000000000000000000
0000000000000000000000000000000000000000000000000000000000000000
0000000000000000000000000000000000000000000000000000000000000000
0000000000000000000000000000000000000000000000000000000000000000
0000000000000000000000000000000000000000000000000000000000000000
0000000000000000000000000000000000000000000000000000000000000000
0000000000000000000000000000000000000000000000000000000000000000
0000000000000000000000000000000000000000000000000000000000000000
0000000000000000000000000000000000000000000000000000000000000000
0000000000000000000000000000000000000000000000000000000000000000
0000000000000000000000000000000000000000000000000000000000000000
0000000000000000000000000000000000000000000000000000000000000000
0000000000000000000000000000000000000000000000000000000000000000
0000000000000000000000000000000000000000000000000000000000000000
0000000000000000000000000000000000000000000000000000000000000000
0000000000000000000000000000000000000000000000000000000000000000
0000000000000000000000000000000000000000000000000000000000000000
4141414141414141414141414141414141414141414141414141414141414141
4141414141414141414141414141414141414141414141414141414141414141
4141414141414141414141414141414141414141414141414141414141414141
4141414141414141414141414141414141414141414141414141414141414141
4141414141414141414141414141414141414141414141414141414141414141
4141414141414141414141414141414141414141414141414141414141414141
4141414141414141414141414141414141414141414141414141414141414141
4141414141414141414141414141414141414141414141414141414141414141
4141414141414141414141414141414141414141414141414141414141414141
4141414141414141414141414141414141414141414141414141414141414141
4141414141414141414141414141414141414141414141414141414141414141
4141414141414141414141414141414141414141414141414141414141414141
4141414141414141414141414141414141414141414141414141414141414141
4141414141414141414141414141414141414141414141414141414141414141
4141414141414141414141414141414141414141414141414141414141414141
4141414141414141414141414141414141414141414141414141414141414141
4141414141414141414141414141414141414141414141414141414141414141
4141414141414141414141414141414141414141414141414141414141414141
4141414141414141414141414141414141414141414141414141414141414141
4141414141414141414141414141414141414141414141414141414141414141
4141414141414141414141414141414141414141414141414141414141414141
4141414141414141414141414141414141414141414141414141414141414141
4141414141414141414141414141414141414141414141414141414141414141
4141414141414141414141414141414141414141414141414141414141414141
4141414141414141414141414141414141414141414141414141414141414141
4141414141414141414141414141414141414141414141414141414141414141
4141414141414141414141414141414141414141414141414141414141414141
4141414141414141414141414141414141414141414141414141414141414141
4141414141414141414141414141414141414141414141414141414141414141
4141414141414141414141414141414141414141414141414141414141414141
4141414141414141414141414141414141414141414141414141414141414141
4141414141414141414141414141414141414141414141414141414141414141
4141414141414141414141414141414141414141414141414141414141414141
4141414141414141414141414141414141414141414141414141414141414141
4141414141414141414141414141414141414141414141414141414141414141
4141414141414141414141414141414141414141414141414141414141414141
4141414141414141414141414141414141414141414141414141414141414141
4141414141414141414141414141414141414141414141414141414141414141
4141414141414141414141414141414141414141414141414141414141414141
4141414141414141414141414141414141414141414141414141414141414141
4141414141414141414141414141414141414141414141414141414141414141
4141414141414141414141414141414141414141414141414141414141414141
4141414141414141414141414141414141414141414141414141414141414141
4141414141414141414141414141414141414141414141414141414141414141
4141414141414141414141414141414141414141414141414141414141414141
4141414141414141414141414141414141414141414141414141414141414141
4141414141414141414141414141414141414141414141414141414141414141
4141414141414141414141414141414141414141414141414141414141414141
4141414141414141414141414141414141414141414141414141414141414141
4141414141414141414141414141414141414141414141414141414141414141
4141414141414141414141414141414141414141414141414141414141414141
4141414141414141414141414141414141414141414141414141414141414141
4141414141414141414141414141414141414141414141414141414141414141
4141414141414141414141414141414141414141414141414141414141414141
4141414141414141414141414141414141414141414141414141414141414141
4141414141414141414141414141414141414141414141414141414141414141
4141414141414141000000000000000000000000000000000000000000000000
0000000000000000000000000000000000000000000000000000000000000000
0000000000000000000000000000000000000000000000000000000000000000
0000000000000000000000000000000000000000000000000000000000000000
0000000000000000000000000000000000000000000000000000000000000000
0000000000000000000000000000000000000000000000000000000000000000
0000000000000000000000000000000000000000000000000000000000000000
0000000000000000000000000000000000000000000000000000000000000000
0000000000000000000000000000000000000000000000000000000000000000
0000000000000000000000000000000000000000000000000000000000000000
0000000000000000000000000000000000000000000000000000000000000000
0000000000000000000000000000000000000000000000000000000000000000
0000000000000000000000000000000000000000000000000000000000000000
0000000000000000000000000000000000000000000000000000000000000000
0000000000000000000000000000000000000000000000000000000000000000
0000000000000000000000000000000000000000000000000000000000000000
0000000000000000000000000000000000000000000000000000000000000000
0000000000000000000000000000000000000000000000000000000000000000
0000000000000000000000000000000000000000000000000000000000000000
0000000000000000000000000000000000000000000000000000000000000000
0000000000000000000000000000000000000000000000000000000000000000
0000000000000000000000000000000000000000000000000000000000000000
0000000000000000000000000000000000000000000000000000000000000000
0000000000000000000000000000000000000000000000000000000000000000
0000000000000000000000000000000000000000000000000000000000000000
0000000000000000000000000000000000000000000000000000000000000000
0000000000000000000000000000000000000000000000000000000000000000
0000000000000000000000000000000000000000000000000000000000000000
0000000000000000000000000000000000000000000000000000000000000000
0000000000000000000000000000000000000000000000000000000000000000
0000000000000000000000000000000000000000000000000000000000000000
0000000000000000000000000000000000000000000000000000000000000000
0000000000000000000000000000000000000000000000000000000000000000
0000000000000000000000000000000000000000000000000000000000000000
0000000000000000000000000000000000000000000000000000000000000000
0000000000000000000000000000000000000000000000000000000000000000
0000000000000000000000000000000000000000000000000000000000000000
0000000000000000000000000000000000000000000000000000000000000000
0000000000000000000000000000000000000000000000000000000000000000
0000000000000000000000000000000000000000000000000000000000000000
0000000000000000000000000000000000000000000000000000000000000000
0000000000000000000000000000000000000000000000000000000000000000
0000000000000000000000000000000000000000000000000000000000000000
0000000000000000000000000000000000000000000000000000000000000000
0000000000000000000000000000000000000000000000000000000000000000
0000000000000000000000000000000000000000000000000000000000000000
0000000000000000000000000000000000000000000000000000000000000000
0000000000000000000000000000000000000000000000000000000000000000
0000000000000000000000000000000000000000000000000000000000000000
0000000000000000000000000000000000000000000000000000000000000000
0000000000000000000000000000000000000000000000000000000000000000
0000000000000000000000000000000000000000000000000000000000000000
0000000000000000000000000000000000000000000000000000000000000000
0000000000000000000000000000000000000000000000000000000000000000
0000000000000000000000000000000000000000000000000000000000000000
0000000000000000000000000000000000000000000000000000000000000000
0000000000000000000000000000000000000000000000000000000000000000
0000000000000000000000000000000000000000000000000000000000000000
0000000000000000000000000000000000000000000000000000000000000000
0000000000000000000000000000000000000000000000000000000000000000
0000000000000000000000000000000000000000000000000000000000000000
0000000000000000000000000000000000000000000000000000000000000000
0000000000000000000000000000000000000000000000004141414141414141
4141414141414141414141414141414141414141414141414141414141414141
4141414141414141414141414141414141414141414141414141414141414141
4141414141414141414141414141414141414141414141414141414141414141
4141414141414141414141414141414141414141414141414141414141414141
4141414141414141414141414141414141414141414141414141414141414141
4141414141414141414141414141414141414141414141414141414141414141
4141414141414141414141414141414141414141414141414141414141414141
4141414141414141414141414141414141414141414141414141414141414141
4141414141414141414141414141414141414141414141414141414141414141
4141414141414141414141414141414141414141414141414141414141414141
4141414141414141414141414141414141414141414141414141414141414141
4141414141414141414141414141414141414141414141414141414141414141
4141414141414141414141414141414141414141414141414141414141414141
4141414141414141414141414141414141414141414141414141414141414141
4141414141414141414141414141414141414141414141414141414141414141
4141414141414141414141414141414141414141414141414141414141414141
4141414141414141414141414141414141414141414141414141414141414141
4141414141414141414141414141414141414141414141414141414141414141
4141414141414141414141414141414141414141414141414141414141414141
4141414141414141414141414141414141414141414141414141414141414141
4141414141414141414141414141414141414141414141414141414141414141
4141414141414141414141414141414141414141414141414141414141414141
4141414141414141414141414141414141414141414141414141414141414141
4141414141414141414141414141414141414141414141414141414141414141
4141414141414141414141414141414141414141414141414141414141414141
4141414141414141414141414141414141414141414141414141414141414141
4141414141414141414141414141414141414141414141414141414141414141
4141414141414141414141414141414141414141414141414141414141414141
4141414141414141414141414141414141414141414141414141414141414141
4141414141414141414141414141414141414141414141414141414141414141
4141414141414141414141414141414141414141414141414141414141414141
4141414141414141414141414141414141414141414141414141414141414141
4141414141414141414141414141414141414141414141414141414141414141
4141414141414141414141414141414141414141414141414141414141414141
4141414141414141414141414141414141414141414141414141414141414141
4141414141414141414141414141414141414141414141414141414141414141
4141414141414141414141414141414141414141414141414141414141414141
4141414141414141414141414141414141414141414141414141414141414141
4141414141414141414141414141414141414141414141414141414141414141
4141414141414141414141414141414141414141414141414141414141414141
4141414141414141414141414141414141414141414141414141414141414141
4141414141414141414141414141414141414141414141414141414141414141
4141414141414141414141414141414141414141414141414141414141414141
4141414141414141414141414141414141414141414141414141414141414141
4141414141414141414141414141414141414141414141414141414141414141
4141414141414141414141414141414141414141414141414141414141414141
4141414141414141414141414141414141414141414141414141414141414141
4141414141414141414141414141414141414141414141414141414141414141
4141414141414141414141414141414141414141414141414141414141414141
4141414141414141414141414141414141414141414141414141414141414141
4141414141414141414141414141414141414141414141414141414141414141
4141414141414141414141414141414141414141414141414141414141414141
4141414141414141414141414141414141414141414141414141414141414141
4141414141414141414141414141414141414141414141414141414141414141
4141414141414141414141414141414141414141414141414141414141414141
4141414141414141414141414141414141414141414141414141414141414141
4141414141414141414141414141414141414141414141414141414141414141
4141414141414141414141414141414141414141414141414141414141414141
4141414141414141414141414141414141414141414141414141414141414141
4141414141414141414141414141414141414141414141414141414141414141
4141414141414141414141414141414141414141414141414141414141414141
4141414141414141414141414141414141414141414141414141414141414141
4141414141414141414141414141414141414141414141414141414141414141
4141414141414141414141414141414141414141414141414141414141414141
4141414141414141414141414141414141414141414141414141414141414141
4141414141414141414141414141414141414141414141414141414141414141
4141414141414141414141414141414141414141414141414141414141414141
4141414141414141414141414141414141414141414141414141414141414141
4141414141414141414141414141414141414141414141414141414141414141
4141414141414141414141414141414141414141414141414141414141414141
4141414141414141414141414141414141414141414141414141414141414141
4141414141414141414141414141414141414141414141414141414141414141
4141414141414141414141414141414141414141414141414141414141414141
4141414141414141414141414141414141414141414141414141414141414141
4141414141414141414141414141414141414141414141410000000000000000
0000000000000000000000000000000000000000000000000000000000000000
0000000000000000000000000000000000000000000000000000000000000000
0000000000000000000000000000000000000000000000000000000000000000
0000000000000000000000000000000000000000000000000000000000000000
0000000000000000000000000000000000000000000000000000000000000000
0000000000000000000000000000000000000000000000000000000000000000
0000000000000000000000000000000000000000000000000000000000000000
0000000000000000000000000000000000000000000000000000000000000000
0000000000000000000000000000000000000000000000000000000000000000
0000000000000000000000000000000000000000000000000000000000000000
0000000000000000000000000000000000000000000000000000000000000000
0000000000000000000000000000000000000000000000000000000000000000
0000000000000000000000000000000000000000000000000000000000000000
0000000000000000000000000000000000000000000000000000000000000000
0000000000000000000000000000000000000000000000000000000000000000
0000000000000000000000000000000000000000000000000000000000000000
0000000000000000000000000000000000000000000000000000000000000000
0000000000000000000000000000000000000000000000000000000000000000
0000000000000000000000000000000000000000000000000000000000000000
0000000000000000000000000000000000000000000000000000000000000000
0000000000000000000000000000000000000000000000000000000000000000
0000000000000000000000000000000000000000000000000000000000000000
0000000000000000000000000000000000000000000000000000000000000000
0000000000000000000000000000000000000000000000000000000000000000
0000000000000000000000000000000000000000000000000000000000000000
0000000000000000000000000000000000000000000000000000000000000000
0000000000000000000000000000000000000000000000000000000000000000
0000000000000000000000000000000000000000000000000000000000000000
0000000000000000000000000000000000000000000000000000000000000000
0000000000000000000000000000000000000000000000000000000000000000
0000000000000000000000000000000000000000000000000000000000000000
0000000000000000000000000000000000000000000000000000000000000000
0000000000000000000000000000000000000000000000000000000000000000
0000000000000000000000000000000000000000000000000000000000000000
0000000000000000000000000000000000000000000000000000000000000000
0000000000000000000000000000000000000000000000000000000000000000
0000000000000000000000000000000000000000000000000000000000000000
0000000000000000000000000000000000000000000000000000000000000000
0000000000000000000000000000000000000000000000000000000000000000
0000000000000000000000000000000000000000000000000000000000000000
0000000000000000000000000000000000000000000000000000000000000000
0000000000000000000000000000000000000000000000000000000000000000
0000000000000000000000000000000000000000000000000000000000000000
0000000000000000000000000000000000000000000000000000000000000000
0000000000000000000000000000000000000000000000000000000000000000
0000000000000000000000000000000000000000000000000000000000000000
0000000000000000000000000000000000000000000000000000000000000000
0000000000000000000000000000000000000000000000000000000000000000
0000000000000000000000000000000000000000000000000000000000000000
0000000000000000000000000000000000000000000000000000000000000000
0000000000000000000000000000000000000000000000000000000000000000
0000000000000000000000000000000000000000000000000000000000000000
0000000000000000000000000000000000000000000000000000000000000000
0000000000000000000000000000000000000000000000000000000000000000
0000000000000000000000000000000000000000000000000000000000000000
0000000000000000000000000000000000000000000000000000000000000000
0000000000000000000000000000000000000000000000000000000000000000
0000000000000000000000000000000000000000000000000000000000000000
0000000000000000000000000000000000000000000000000000000000000000
0000000000000000000000000000000000000000000000000000000000000000
0000000000000000000000000000000000000000000000000000000000000000
0000000000000000000000000000000000000000000000000000000000000000
0000000000000000000000000000000000000000000000000000000000000000
0000000000000000000000000000000000000000000000000000000000000000
0000000000000000000000000000000000000000000000000000000000000000
0000000000000000000000000000000000000000000000000000000000000000
0000000000000000000000000000000000000000000000000000000000000000
0000000000000000000000000000000000000000000000000000000000000000
0000000000000000000000000000000000000000000000000000000000000000
0000000000000000000000000000000000000000000000000000000000000000
0000000000000000000000000000000000000000000000000000000000000000
0000000000000000000000000000000000000000000000000000000000000000
0000000000000000000000000000000000000000000000000000000000000000
0000000000000000000000000000000000000000000000000000000000000000
0000000000000000000000000000000000000000000000000000000000000000
0000000000000000000000000000000000000000000000000000000000000000
0000000000000000000000000000000000000000000000000000000000000000
0000000000000000000000000000000000000000000000000000000000000000
0000000000000000000000000000000000000000000000000000000000000000
0000000000000000000000000000000000000000000000000000000000000000
0000000000000000000000000000000000000000000000000000000000000000
0000000000000000000000000000000000000000000000000000000000000000
0000000000000000000000000000000000000000000000000000000000000000
0000000000000000000000000000000000000000000000000000000000000000
0000000000000000000000000000000000000000000000000000000000000000
0000000000000000000000000000000000000000000000000000000000000000
0000000000000000000000000000000000000000000000000000000000000000
0000000000000000
            