
50434d20c0160000600b0000
4141414141414141414141414141414141414141414141414141414141414141
4141414141414141414141414141414141414141414141414141414141414141
4141414141414141414141414141414141414141414141414141414141414141
4141414141414141414141414141414141414141414141414141414141414141
4141414141414141414141414141414141414141414141414141414141414141
4141414141414141414141414141414141414141414141414141414141414141
4141414141414141414141414141414141414141414141414141414141414141
4141414141414141414141414141414141414141414141414141414141414141
4141414141414141414141414141414141414141414141414141414141414141
4141414141414141414141414141414141414141414141414141414141414141
4141414141414141414141414141414141414141414141414141414141414141
4141414141414141414141414141414141414141414141414141414141414141
4141414141414141414141414141414141414141414141414141414141414141
4141414141414141414141414141414141414141414141414141414141414141
0000000000000000000000000000000000000000000000000000000000000000
0000000000000000000000000000000000000000000000000000000000000000
0000000000000000000000000000000000000000000000000000000000000000
0000000000000000000000000000000000000000000000000000000000000000
0000000000000000000000000000000000000000000000000000000000000000
0000000000000000000000000000000000000000000000000000000000000000
0000000000000000000000000000000000000000000000000000000000000000
0000000000000000000000000000000000000000000000000000000000000000
0000000000000000000000000000000000000000000000000000000000000000
0000000000000000000000000000000000000000000000000000000000000000
0000000000000000000000000000000000000000000000000000000000000000
0000000000000000000000000000000000000000000000000000000000000000
0000000000000000000000000000000000000000000000000000000000000000
0000000000000000000000000000000000000000000000000000000000000000
4141414141414141414141414141414141414141414141414141414141414141
4141414141414141414141414141414141414141414141414141414141414141
4141414141414141414141414141414141414141414141414141414141414141
4141414141414141414141414141414141414141414141414141414141414141
4141414141414141414141414141414141414141414141414141414141414141
4141414141414141414141414141414141414141414141414141414141414141
4141414141414141414141414141414141414141414141414141414141414141
4141414141414141414141414141414141414141414141414141414141414141
4141414141414141414141414141414141414141414141414141414141414141
4141414141414141414141414141414141414141414141414141414141414141
4141414141414141414141414141414141414141414141414141414141414141
4141414141414141414141414141414141414141414141414141414141414141
4141414141414141414141414141414141414141414141414141414141414141
4141414141414141414141414141414141414141414141414141414141414141
4141414141414141414141414141414141414141414141414141414141414141
4141414141414141414141414141414141414141414141414141414141414141
4141414141414141414141414141414141414141414141414141414141414141
4141414141414141414141414141414141414141414141414141414141414141
4141414141414141414141414141414141414141414141414141414141414141
4141414141414141414141414141414141414141414141414141414141414141
4141414141414141414141414141414141414141414141414141414141414141
4141414141414141414141414141414141414141414141414141414141414141
4141414141414141414141414141414141414141414141414141414141414141
4141414141414141414141414141414141414141414141414141414141414141
4141414141414141414141414141414141414141414141414141414141414141
4141414141414141414141414141414141414141414141414141414141414141
4141414141414141414141414141414141414141414141414141414141414141
4141414141414141414141414141414141414141414141414141414141414141
0000000000000000000000000000000000000000000000000000000000000000
0000000000000000000000000000000000000000000000000000000000000000
0000000000000000000000000000000000000000000000000000000000000000
0000000000000000000000000000000000000000000000000000000000000000
0000000000000000000000000000000000000000000000000000000000000000
0000000000000000000000000000000000000000000000000000000000000000
0000000000000000000000000000000000000000000000000000000000000000
0000000000000000000000000000000000000000000000000000000000000000
0000000000000000000000000000000000000000000000000000000000000000
0000000000000000000000000000000000000000000000000000000000000000
0000000000000000000000000000000000000000000000000000000000000000
0000000000000000000000000000000000000000000000000000000000000000
0000000000000000000000000000000000000000000000000000000000000000
0000000000000000000000000000000000000000000000000000000000000000
4141414141414141414141414141414141414141414141414141414141414141
4141414141414141414141414141414141414141414141414141414141414141
4141414141414141414141414141414141414141414141414141414141414141
4141414141414141414141414141414141414141414141414141414141414141
4141414141414141414141414141414141414141414141414141414141414141
4141414141414141414141414141414141414141414141414141414141414141
4141414141414141414141414141414141414141414141414141414141414141
4141414141414141414141414141414141414141414141414141414141414141
4141414141414141414141414141414141414141414141414141414141414141
4141414141414141414141414141414141414141414141414141414141414141
4141414141414141414141414141414141414141414141414141414141414141
4141414141414141414141414141414141414141414141414141414141414141
4141414141414141414141414141414141414141414141414141414141414141
4141414141414141414141414141414141414141414141414141414141414141
4141414141414141414141414141414141414141414141414141414141414141
4141414141414141414141414141414141414141414141414141414141414141
4141414141414141414141414141414141414141414141414141414141414141
4141414141414141414141414141414141414141414141414141414141414141
4141414141414141414141414141414141414141414141414141414141414141
4141414141414141414141414141414141414141414141414141414141414141
4141414141414141414141414141414141414141414141414141414141414141
4141414141414141414141414141414141414141414141414141414141414141
4141414141414141414141414141414141414141414141414141414141414141
4141414141414141414141414141414141414141414141414141414141414141
4141414141414141414141414141414141414141414141414141414141414141
4141414141414141414141414141414141414141414141414141414141414141
4141414141414141414141414141414141414141414141414141414141414141
4141414141414141414141414141414141414141414141414141414141414141
4141414141414141414141414141414141414141414141414141414141414141
4141414141414141414141414141414141414141414141414141414141414141
4141414141414141414141414141414141414141414141414141414141414141
4141414141414141414141414141414141414141414141414141414141414141
4141414141414141414141414141414141414141414141414141414141414141
4141414141414141414141414141414141414141414141414141414141414141
4141414141414141414141414141414141414141414141414141414141414141
4141414141414141414141414141414141414141414141414141414141414141
4141414141414141414141414141414141414141414141414141414141414141
4141414141414141414141414141414141414141414141414141414141414141
4141414141414141414141414141414141414141414141414141414141414141
4141414141414141414141414141414141414141414141414141414141414141
4141414141414141414141414141414141414141414141414141414141414141
4141414141414141414141414141414141414141414141414141414141414141
4141414141414141414141414141414141414141414141414141414141414141
4141414141414141414141414141414141414141414141414141414141414141
4141414141414141414141414141414141414141414141414141414141414141
4141414141414141414141414141414141414141414141414141414141414141
4141414141414141414141414141414141414141414141414141414141414141
4141414141414141414141414141414141414141414141414141414141414141
4141414141414141414141414141414141414141414141414141414141414141
4141414141414141414141414141414141414141414141414141414141414141
4141414141414141414141414141414141414141414141414141414141414141
4141414141414141414141414141414141414141414141414141414141414141
4141414141414141414141414141414141414141414141414141414141414141
4141414141414141414141414141414141414141414141414141414141414141
4141414141414141414141414141414141414141414141414141414141414141
4141414141414141414141414141414141414141414141414141414141414141
4141414141414141414141414141414141414141414141414141414141414141
4141414141414141414141414141414141414141414141414141414141414141
4141414141414141414141414141414141414141414141414141414141414141
4141414141414141414141414141414141414141414141414141414141414141
4141414141414141414141414141414141414141414141414141414141414141
4141414141414141414141414141414141414141414141414141414141414141
4141414141414141414141414141414141414141414141414141414141414141
4141414141414141414141414141414141414141414141414141414141414141
4141414141414141414141414141414141414141414141414141414141414141
4141414141414141414141414141414141414141414141414141414141414141
4141414141414141414141414141414141414141414141414141414141414141
4141414141414141414141414141414141414141414141414141414141414141
4141414141414141414141414141414141414141414141414141414141414141
4141414141414141414141414141414141414141414141414141414141414141
4141414141414141414141414141414141414141414141414141414141414141
4141414141414141414141414141414141414141414141414141414141414141
4141414141414141414141414141414141414141414141414141414141414141
4141414141414141414141414141414141414141414141414141414141414141
4141414141414141414141414141414141414141414141414141414141414141
4141414141414141414141414141414141414141414141414141414141414141
4141414141414141414141414141414141414141414141414141414141414141
4141414141414141414141414141414141414141414141414141414141414141
4141414141414141414141414141414141414141414141414141414141414141
4141414141414141414141414141414141414141414141414141414141414141
4141414141414141414141414141414141414141414141414141414141414141
4141414141414141414141414141414141414141414141414141414141414141
4141414141414141414141414141414141414141414141414141414141414141
4141414141414141414141414141414141414141414141414141414141414141
4141414141414141414141414141414141414141414141414141414141414141
4141414141414141414141414141414141414141414141414141414141414141
4141414141414141414141414141414141414141414141414141414141414141
4141414141414141414141414141414141414141414141414141414141414141
4141414141414141414141414141414141414141414141414141414141414141
4141414141414141414141414141414141414141414141414141414141414141
4141414141414141414141414141414141414141414141414141414141414141
4141414141414141414141414141414141414141414141414141414141414141
4141414141414141414141414141414141414141414141414141414141414141
4141414141414141414141414141414141414141414141414141414141414141
4141414141414141414141414141414141414141414141414141414141414141
4141414141414141414141414141414141414141414141414141414141414141
4141414141414141414141414141414141414141414141414141414141414141
4141414141414141414141414141414141414141414141414141414141414141
4141414141414141414141414141414141414141414141414141414141414141
4141414141414141414141414141414141414141414141414141414141414141
4141414141414141414141414141414141414141414141414141414141414141
4141414141414141414141414141414141414141414141414141414141414141
4141414141414141414141414141414141414141414141414141414141414141
4141414141414141414141414141414141414141414141414141414141414141
4141414141414141414141414141414141414141414141414141414141414141
4141414141414141414141414141414141414141414141414141414141414141
4141414141414141414141414141414141414141414141414141414141414141
4141414141414141414141414141414141414141414141414141414141414141
4141414141414141414141414141414141414141414141414141414141414141
4141414141414141414141414141414141414141414141414141414141414141
4141414141414141414141414141414141414141414141414141414141414141
4141414141414141414141414141414141414141414141414141414141414141
            